120643,[1.009134616147822E-12, 3.485424026217904E-14, 3.32032768250376E-13, 7.258427257676725E-13, -3.1950719739208544E-14, 3.5498047643717223E-13, 5.222584585390551E-14, -4.903591638641402E-13, 4.414647629662899E-13, 7.789786610895577E-13]
177591,[2.2384890598914353E-6, -4.908173991680087E-7, 3.066751617097907E-7, 1.0203954161625006E-6, 1.2995583631436602E-7, 2.5971360173571156E-7, 8.965068332145165E-8, -6.821837246206996E-7, 7.595836564178171E-7, 2.0603447410394438E-6]
214839,[8.711897848089067E-13, -1.0714692344091989E-14, 2.2797256161825874E-13, 5.419876244854016E-13, 7.818393962842965E-14, 4.0220886517172705E-13, 1.5946484855245552E-13, -2.322877946849683E-13, 2.907955723007588E-13, 5.60330644730489E-13]
388299,[0.20942558348178864, 0.05101701244711876, 0.08873111754655838, 0.15557867288589478, -0.006333599332720041, 0.12506568431854248, 0.049768056720495224, -0.0954413041472435, 0.08658883720636368, 0.10057907551527023]
434351,[8.483678357151803E-6, -3.7786958273500204E-7, 1.7776089862309163E-6, 3.9365322663798E-6, 1.4332434261632443E-7, 2.343577989449841E-6, 1.4145909972285153E-6, -2.9009788704570383E-6, 2.7384437544242246E-6, 5.786567271570675E-6]
508955,[0.5214705467224121, 0.9221861362457275, -1.4265739917755127, -0.05961805209517479, 1.784904956817627, -0.43597012758255005, -0.7250727415084839, -0.38957884907722473, 1.4242669343948364, -0.7848348021507263]
559159,[-1.4335737458237574E-12, 4.3432155116297777E-13, -1.903467482375007E-13, -6.459607696830683E-13, -1.540854846059786E-13, -7.090431486302812E-14, -2.787926783691646E-14, 3.3809039552343267E-13, -5.063735346831633E-13, -1.418549631058974E-12]
590211,[-1.8446728233811882E-7, 3.978906093493606E-8, -3.169931872548659E-8, -9.426350544572415E-8, -1.3241122864826593E-8, -2.4615498972480054E-8, -4.936821618173326E-9, 5.4846644559347624E-8, -6.845250766218669E-8, -1.7428898502203083E-7]
605275,[2.99331295536831E-4, 1.69383692991687E-5, 9.489190415479243E-5, 1.9282690482214093E-4, 3.374671223355108E-6, 1.23062840430066E-4, 4.607842129189521E-5, -1.1600268044276163E-4, 1.177533486043103E-4, 1.9957021868322045E-4]
718367,[0.44781360030174255, -1.114763617515564, 0.24186520278453827, 0.5507218837738037, 0.11647912114858627, -0.37671878933906555, -0.26992589235305786, -0.526567816734314, -0.2917298972606659, -1.0382566452026367]
1046551,[0.0021540026646107435, -8.792923181317747E-4, -3.4246177528984845E-4, -7.103939196895226E-7, -5.9693561524909455E-6, -4.3332844506949186E-4, 1.1509827163536102E-4, -6.098846206441522E-4, 3.2447962439619005E-4, 0.00203235843218863]
1185163,[5.334237357601523E-6, -8.665966220178234E-7, 1.1434767657192424E-6, 2.9466355044860393E-6, 3.170627849158336E-7, 9.779139418242266E-7, 2.295829375498215E-7, -1.7368782891935552E-6, 2.068404000965529E-6, 4.8030874495452736E-6]
1217951,[0.00102030741982162, 0.0011222201865166426, 0.0024996334686875343, -0.0021153809502720833, 2.567927585914731E-4, -0.0012643758673220873, -0.005924916360527277, 0.0023321378976106644, -0.003260910278186202, 3.474429831840098E-4]
1246151,[2.8195987766821418E-9, -6.814038222557883E-10, 3.4060884668285496E-10, 1.1502216956671418E-9, 2.0389009924848267E-10, 2.5254706659261217E-10, 1.7086354553441652E-10, -7.627785625352601E-10, 9.164902170510913E-10, 2.572542623369145E-9]
1252855,[0.3891242742538452, -0.06840451806783676, -0.4077037572860718, 0.14747120440006256, -0.9491835832595825, -0.004744688514620066, -0.2726285755634308, 0.687423586845398, 0.5961772203445435, -0.25553902983665466]
1257671,[7.642943528480828E-4, 9.856568649411201E-4, 0.002441162010654807, -0.002208068734034896, 2.62231333181262E-4, -0.0014883839758113027, -0.006211497355252504, 0.0024542338214814663, -0.003373701823875308, 4.326171474531293E-4]
1269331,[3.549338725861162E-4, 4.7518263454549015E-4, 0.0012052572565153241, -0.001105463015846908, 1.3403974298853427E-4, -7.663526339456439E-4, -0.003122413996607065, 0.001233701012097299, -0.0016904618823900819, 2.2522208746522665E-4]
1421079,[1.7701373136377874E-12, 1.3099487857284875E-12, 1.250800244628758E-12, 1.8778331754149002E-12, -2.444108283816693E-13, 2.0215370176435155E-12, 7.540913423212392E-13, -1.1338861707205217E-12, 8.538877612797313E-13, 3.5663224489442674E-14]
1446747,[-0.02007458545267582, 0.002439771080389619, -0.005442224442958832, -0.013415927067399025, -0.0016614284832030535, -0.005634562578052282, -8.134443196468055E-4, 0.006294819992035627, -0.008450785651803017, -0.017909161746501923]
1540983,[4.4787199122986454E-12, -1.0114520982915098E-12, 7.087204629586952E-13, 2.2282700858078375E-12, 3.034059006638834E-13, 5.304272104010577E-13, 8.0684611281686E-14, -1.35048081658512E-12, 1.6462336051639714E-12, 4.306791034913715E-12]
1547675,[-1.4508552779318729E-12, 2.785594292124133E-13, -1.2170277806367036E-13, -3.9953671339236496E-13, -8.970361481614245E-14, -1.9057292636320833E-13, -2.5497158095792727E-13, 3.3807827956415515E-13, -3.6345148353607304E-13, -1.0744930336106795E-12]
1733627,[0.11901401728391647, 0.028705880045890808, 0.050454031676054, 0.08818801492452621, -0.0035384949296712875, 0.07080280780792236, 0.02820371277630329, -0.0539868026971817, 0.049443647265434265, 0.05745149403810501]
1754535,[-3.9116908497061065E-12, 1.4813680880923497E-12, -2.7369469537963376E-13, -1.6481138285714958E-12, -3.418919878109272E-13, 2.0627908560964803E-13, 2.590541171333671E-13, 1.0649073853633007E-12, -1.385685511647028E-12, -4.4090078810121724E-12]
1807371,[3.092193878728722E-8, -9.104544318461194E-8, -4.4591562442519717E-8, -4.403728226520798E-8, 2.985821723200388E-8, -7.529828138785888E-8, -1.8347352082059842E-8, 3.9186762279541654E-8, -7.0538304086653625E-9, 9.234813802549979E-8]
1816431,[0.22253960371017456, -0.6490679979324341, 0.17579276859760284, -0.28145986795425415, 0.9921850562095642, 0.017889833077788353, 0.7340402603149414, 1.5207533836364746, -0.04375731199979782, -0.18045943975448608]
1900427,[2.99331295536831E-4, 1.69383692991687E-5, 9.489190415479243E-5, 1.9282690482214093E-4, 3.374671223355108E-6, 1.23062840430066E-4, 4.607842129189521E-5, -1.1600268044276163E-4, 1.177533486043103E-4, 1.9957021868322045E-4]
1954791,[-6.497352733276784E-4, 8.864313713274896E-5, -1.3218290405347943E-4, -3.37052479153499E-4, -3.3822212571976706E-5, -1.3646570732817054E-4, -5.238596713752486E-5, 2.066373563138768E-4, -2.3581901041325182E-4, -5.446726572699845E-4]
2188071,[-6.497352733276784E-4, 8.864313713274896E-5, -1.3218290405347943E-4, -3.37052479153499E-4, -3.3822212571976706E-5, -1.3646570732817054E-4, -5.238596713752486E-5, 2.066373563138768E-4, -2.3581901041325182E-4, -5.446726572699845E-4]
2247283,[3.170121232187739E-8, -5.609853559462863E-8, -3.079856369936351E-8, -3.069414589162989E-8, 9.706161208100639E-9, -5.250881329743606E-8, -1.2759188372513108E-8, 8.733717749009884E-9, -2.481875593929317E-9, 6.763630722161906E-8]
2291835,[2.6265753894777477E-12, 1.173392546321983E-12, 1.5000835859937944E-12, 2.3859516792845703E-12, -1.461647372146685E-13, 2.19796771928904E-12, 8.40784310663506E-13, -1.3441502685201945E-12, 1.2069068617767686E-12, 7.424949327247687E-13]
2438431,[0.001997400540858507, 0.0027433631476014853, 0.007033552974462509, -0.006495748646557331, 7.762506720609963E-4, -0.004529910162091255, -0.018311841413378716, 0.007239655125886202, -0.009900608099997044, 0.0013338576536625624]
2582491,[-1.3861246594970567E-9, 4.2153819324042274E-10, -1.3971358792108646E-10, -6.055924095527132E-10, -1.2542210325872105E-10, -6.41446895599529E-11, 1.1480562594340382E-12, 3.62284591215456E-10, -4.714912904546509E-10, -1.4112683244249524E-9]
2626183,[0.1427176296710968, 0.07972955703735352, 0.0644296333193779, 0.021551795303821564, -0.010050926357507706, 0.10930034518241882, 0.09744039922952652, -0.03859848529100418, 0.019862661138176918, -0.040664128959178925]
2795959,[1.1983307679486188E-9, -6.124045714983595E-10, -1.0990223314744085E-10, 1.6604710662004862E-10, 1.177369313154486E-10, -2.7550126069364467E-10, -2.7129375135270806E-11, -2.2501620011716739E-10, 2.9014254887549384E-10, 1.3474003024427361E-9]
2987871,[0.003929614555090666, -4.539630899671465E-4, 0.0036563840694725513, -0.0019758737180382013, 8.643711335025728E-4, -0.0030577480792999268, -0.010179135017096996, 0.0031917965970933437, -0.004019960295408964, 0.00502075906842947]
3111459,[0.0021540026646107435, -8.792923181317747E-4, -3.4246177528984845E-4, -7.103939196895226E-7, -5.9693561524909455E-6, -4.3332844506949186E-4, 1.1509827163536102E-4, -6.098846206441522E-4, 3.2447962439619005E-4, 0.00203235843218863]
3133499,[0.0021540026646107435, -8.792923181317747E-4, -3.4246177528984845E-4, -7.103939196895226E-7, -5.9693561524909455E-6, -4.3332844506949186E-4, 1.1509827163536102E-4, -6.098846206441522E-4, 3.2447962439619005E-4, 0.00203235843218863]
3133503,[0.0021540026646107435, -8.792923181317747E-4, -3.4246177528984845E-4, -7.103939196895226E-7, -5.9693561524909455E-6, -4.3332844506949186E-4, 1.1509827163536102E-4, -6.098846206441522E-4, 3.2447962439619005E-4, 0.00203235843218863]
3236799,[-3.0637215240858495E-4, -3.119601751677692E-5, -8.507748134434223E-5, -1.66054189321585E-4, 1.0187541192863137E-5, -1.254902599612251E-4, -6.435988325392827E-5, 1.278693089261651E-4, -1.0427159577375278E-4, -1.732351229293272E-4]
3317891,[0.001512907794676721, 0.0019489940023049712, 0.004824157804250717, -0.004363148007541895, 5.192034295760095E-4, -0.00294064381159842, -0.012274936772882938, 0.004849395249038935, -0.006666036322712898, 8.548959740437567E-4]
3332539,[-0.17370589077472687, -0.5459045767784119, 0.4006246328353882, -0.6786052584648132, 0.16575579345226288, 0.6764203906059265, -0.25810959935188293, -0.34451887011528015, 0.5321409106254578, -0.05711302161216736]
3446235,[1.898918213782963E-7, -5.2319460763783354E-8, 2.293790402063678E-8, 8.978491194966409E-8, 1.2762368939434054E-8, 1.2021602380229979E-8, -3.1511357967417553E-9, -5.7497512528925654E-8, 6.798081386705235E-8, 1.932754400968406E-7]
3446287,[-1.0874710420355482E-12, 4.840502998426643E-13, -4.550961997117249E-14, -5.250960256886206E-13, -3.757386993230062E-14, 1.7722471710654442E-13, 2.476138597547889E-13, 4.271447561973729E-13, -4.414419676156134E-13, -1.4566986939607007E-12]
3477587,[-1.3441065751726433E-12, 2.091611389296033E-12, 9.930666315313696E-13, 6.918101616744388E-13, -3.519354675306924E-13, 1.8452301318860886E-12, 6.731825383590739E-13, -1.2915658668434526E-13, -1.198964972443095E-13, -2.8932539957587933E-12]
3490539,[0.3891242742538452, -0.06840451806783676, -0.4077037572860718, 0.14747120440006256, -0.9491835832595825, -0.004744688514620066, -0.2726285755634308, 0.687423586845398, 0.5961772203445435, -0.25553902983665466]
3503351,[3.55251511791721E-4, 4.761383170261979E-4, 0.0012072710087522864, -0.0011061523109674454, 1.3379381562117487E-4, -7.662851130589843E-4, -0.0031253311317414045, 0.0012347730807960033, -0.0016921187052503228, 2.2520711354445666E-4]
3567259,[-6.579004008244738E-8, 1.4115445701179397E-8, -6.523766860055957E-9, -2.2492406159813072E-8, -2.9043107918624855E-9, -5.8929732205115215E-9, -6.2786864596375835E-9, 1.8943136836924168E-8, -1.952269990113109E-8, -5.5899693762739844E-8]
3575155,[4.257908695765034E-12, 9.158595106265044E-13, 1.964494539263839E-12, 3.611132226577496E-12, 2.822815901382461E-14, 2.6477977796424135E-12, 8.003058393941942E-13, -1.844769129122348E-12, 1.9616053573145997E-12, 2.3880264085618386E-12]
3597231,[2.0752627278852742E-6, -6.881793979118811E-8, 6.827672791587247E-7, 1.5379648630187148E-6, 1.6694055204879987E-7, 8.143048262354569E-7, 1.7318266998245235E-7, -6.690474378956424E-7, 8.9833741867551E-7, 1.6688569530742825E-6]
3601475,[0.3891242742538452, -0.06840451806783676, -0.4077037572860718, 0.14747120440006256, -0.9491835832595825, -0.004744688514620066, -0.2726285755634308, 0.687423586845398, 0.5961772203445435, -0.25553902983665466]
3602871,[4.682277503889054E-4, 5.405725678429008E-4, 0.0012477340642362833, -0.0010803972836583853, 1.306707999901846E-4, -6.767648155800998E-4, -0.0030345749109983444, 0.0011959085240960121, -0.0016622275579720736, 1.9027078815270215E-4]
3603979,[5.405945121310651E-4, -2.8683527489192784E-4, -7.108865247573704E-5, -1.921177317854017E-5, 5.887795487069525E-5, -1.60390671226196E-4, 3.3408854505978525E-5, -6.792462954763323E-5, 1.0804735939018428E-4, 5.745474481955171E-4]
3606511,[-1.6518377776719717E-9, 5.719034690265801E-10, -8.500659204324634E-11, -5.703632011133664E-10, -1.4242679258202884E-10, 3.644937476843246E-11, -2.221347238096083E-11, 3.992701447241842E-10, -5.001047354014077E-10, -1.6564434268673267E-9]
3607303,[-0.17370589077472687, -0.5459045767784119, 0.4006246328353882, -0.6786052584648132, 0.16575579345226288, 0.6764203906059265, -0.25810959935188293, -0.34451887011528015, 0.5321409106254578, -0.05711302161216736]
3607315,[0.8165969252586365, 0.4579593539237976, 0.3344912528991699, 0.14151901006698608, -0.06453774869441986, 0.6510775685310364, 0.6649330854415894, -0.25099289417266846, 0.15310417115688324, -0.2583905756473541]
3608787,[0.3891242742538452, -0.06840451806783676, -0.4077037572860718, 0.14747120440006256, -0.9491835832595825, -0.004744688514620066, -0.2726285755634308, 0.687423586845398, 0.5961772203445435, -0.25553902983665466]
3610227,[0.3891242742538452, -0.06840451806783676, -0.4077037572860718, 0.14747120440006256, -0.9491835832595825, -0.004744688514620066, -0.2726285755634308, 0.687423586845398, 0.5961772203445435, -0.25553902983665466]
3612099,[0.3891242742538452, -0.06840451806783676, -0.4077037572860718, 0.14747120440006256, -0.9491835832595825, -0.004744688514620066, -0.2726285755634308, 0.687423586845398, 0.5961772203445435, -0.25553902983665466]
3612807,[1.670344960437442E-12, 1.6516809621391904E-12, 1.5167093926279906E-12, 2.1497942315207297E-12, -2.0456715748434773E-13, 2.4619976196627036E-12, 9.319701043883355E-13, -1.0743387516415348E-12, 9.058430546458884E-13, -3.8691521774686377E-13]
3613935,[0.8165969252586365, 0.4579593539237976, 0.3344912528991699, 0.14151901006698608, -0.06453774869441986, 0.6510775685310364, 0.6649330854415894, -0.25099289417266846, 0.15310417115688324, -0.2583905756473541]
3613939,[0.8165969252586365, 0.4579593539237976, 0.3344912528991699, 0.14151901006698608, -0.06453774869441986, 0.6510775685310364, 0.6649330854415894, -0.25099289417266846, 0.15310417115688324, -0.2583905756473541]
3614095,[3.199238617079825E-12, -2.561590696503746E-12, -5.805059666470769E-13, 4.587420395808783E-13, 5.934097072231304E-13, -1.5691832598932476E-12, -7.010542862374847E-13, -3.258528700773172E-13, 9.165024425147883E-13, 4.828505217185919E-12]
3614979,[4.349437290329661E-7, -7.654941214241262E-7, -3.643646664386324E-7, -2.978502777750691E-7, 1.6962894733296707E-7, -6.589037297999312E-7, -2.077534588806884E-7, 1.3482755889526743E-7, 1.7354429004967642E-8, 9.824882454267936E-7]
3614987,[3.1804301414695146E-8, -1.132693228100834E-8, 1.312088437899206E-9, 1.1370369534802194E-8, 1.962745743711025E-9, -1.6095456079057158E-9, -1.1551251066777013E-9, -9.330250350103597E-9, 1.014892170303483E-8, 3.403703985327411E-8]
3614991,[-1.9899634935427457E-4, 4.888000330538489E-5, -2.5727362299221568E-5, -8.269230602309108E-5, -1.73692296812078E-5, -1.9036539015360177E-5, -1.3175765161577147E-5, 4.961822560289875E-5, -6.598961044801399E-5, -1.827938249334693E-4]
3614995,[5.159414140507579E-4, 5.675677675753832E-4, 0.0012648488627746701, -0.0010703488951548934, 1.2969870294909924E-4, -6.398425903171301E-4, -0.0029978810343891382, 0.0011801085202023387, -0.0016501338686794043, 1.759630540618673E-4]
3615003,[-1.8446728233811882E-7, 3.978906093493606E-8, -3.169931872548659E-8, -9.426350544572415E-8, -1.3241122864826593E-8, -2.4615498972480054E-8, -4.936821618173326E-9, 5.4846644559347624E-8, -6.845250766218669E-8, -1.7428898502203083E-7]
3615007,[5.159414140507579E-4, 5.675677675753832E-4, 0.0012648488627746701, -0.0010703488951548934, 1.2969870294909924E-4, -6.398425903171301E-4, -0.0029978810343891382, 0.0011801085202023387, -0.0016501338686794043, 1.759630540618673E-4]
3615011,[-4.642623174788696E-9, 6.877109437475326E-10, -7.362184750725476E-10, -1.98447147603531E-9, -1.6958284776436017E-10, -7.883779185036133E-10, -4.811132603421697E-10, 1.4664175429501825E-9, -1.5185881441226456E-9, -3.773050316624449E-9]
3615015,[0.44781360030174255, -1.114763617515564, 0.24186520278453827, 0.5507218837738037, 0.11647912114858627, -0.37671878933906555, -0.26992589235305786, -0.526567816734314, -0.2917298972606659, -1.0382566452026367]
3615019,[-0.02007458545267582, 0.002439771080389619, -0.005442224442958832, -0.013415927067399025, -0.0016614284832030535, -0.005634562578052282, -8.134443196468055E-4, 0.006294819992035627, -0.008450785651803017, -0.017909161746501923]
3615023,[-7.590791602056501E-13, 2.4606666530757604E-12, 1.4161048635802365E-12, 1.2651531298285557E-12, -3.428340781836542E-13, 2.4998265176628953E-12, 9.86044254060181E-13, -3.585433816163941E-13, 1.5243222537073692E-13, -2.9075821611490582E-12]
3615027,[-1.62618167820483E-8, -9.679792967176581E-9, -1.2727446652149865E-8, -2.0964622038377456E-8, 4.940309272782883E-10, -1.74565624178058E-8, -4.3924353043678366E-9, 9.180971538569338E-9, -9.885297913569957E-9, -5.063419905582123E-9]
3615039,[-3.6281322390863124E-10, 9.581070659070434E-11, -8.10956024555054E-11, -2.503063034620112E-10, -5.7461417568571704E-11, -8.078050034443507E-11, 1.4562013053720513E-11, 8.463272443970382E-11, -1.5567939992688906E-10, -3.8565131643686357E-10]
3615051,[0.029755474999547005, 0.48715004324913025, 1.5889451503753662, -0.49469032883644104, -0.2733595669269562, -2.0078585147857666, 0.6925450563430786, -0.09049414843320847, 1.2051540613174438, -0.17140285670757294]
3615055,[1.456123555065858E-9, 4.9348116738789916E-12, 3.3991104375630243E-10, 7.436760096624084E-10, 2.7635263868952542E-12, 4.964956779041074E-10, 2.50284654113031E-10, -5.405049186002486E-10, 4.793239694045326E-10, 9.358696040351333E-10]
3615067,[-8.735841561247071E-7, 6.295639423115063E-7, 1.5731797020634986E-7, -1.0994077115356049E-7, -1.0119429560973003E-7, 4.0671926626600907E-7, 1.8344911723033874E-7, 1.696230782499697E-7, -2.4635170348119573E-7, -1.2747973414661828E-6]
3615071,[6.349281777423554E-12, 1.2058018835801529E-14, 1.8755112480423053E-12, 4.1213373859483315E-12, 1.3162316017927694E-13, 2.3168095046599557E-12, 6.834973125674493E-13, -2.444733001108479E-12, 2.538667409970885E-12, 4.709914749878585E-12]
3615075,[0.0016055259620770812, 0.001973826205357909, 0.004741498734802008, -0.0042152986861765385, 5.125805037096143E-4, -0.0027719081845134497, -0.011875265277922153, 0.004684658255428076, -0.006467254366725683, 7.938683847896755E-4]
3615083,[4.682276921812445E-4, 5.405726260505617E-4, 0.0012477340642362833, -0.0010803972836583853, 1.3067085819784552E-4, -6.767642335034907E-4, -0.0030345749109983444, 0.0011959085240960121, -0.0016622275579720736, 1.9027077360078692E-4]
3615091,[5.699267446868106E-12, -6.906991797082929E-13, 1.1907701387425806E-12, 3.077111699126278E-12, 2.3332608089544904E-13, 1.2867854568346382E-12, 4.0506839419154894E-13, -1.936717496445195E-12, 2.0958907352708334E-12, 4.781422219962694E-12]
3615095,[-0.02701500616967678, -0.12050390243530273, 0.06029877811670303, -0.14164415001869202, -0.016710158437490463, 0.13713963329792023, -0.07392066717147827, -0.03125372156500816, 0.14457862079143524, -0.026389438658952713]
3615099,[-4.233957184851533E-9, 5.395670021890453E-10, -8.852529820302379E-10, -2.264924026107451E-9, -2.1505967839896556E-10, -9.50808654032187E-10, -3.280400950878004E-10, 1.3686625166542399E-9, -1.5547098053403374E-9, -3.555059580051534E-9]
3615103,[-9.52408507962077E-13, 4.0541476968060375E-13, -7.31363076654154E-14, -4.1766584765387527E-13, -1.3914325421027218E-13, 5.874006793124553E-14, 5.4602240833140706E-14, 1.7777375708669108E-13, -3.4178972044100753E-13, -1.0993536810055549E-12]
3615115,[0.1427176296710968, 0.07972955703735352, 0.0644296333193779, 0.021551795303821564, -0.010050926357507706, 0.10930034518241882, 0.09744039922952652, -0.03859848529100418, 0.019862661138176918, -0.040664128959178925]
3615119,[0.001373759121634066, 0.0015853510703891516, 0.003655243432149291, -0.003165183588862419, 3.842394216917455E-4, -0.001982151297852397, -0.008890765719115734, 0.003503259038552642, -0.004868881311267614, 5.564464372582734E-4]
3615127,[7.297340899950489E-13, 4.386677382017118E-13, 7.279565947433675E-13, 1.3211558583248184E-12, 5.762221483383151E-14, 9.312127891708544E-13, 6.876417431344109E-14, -4.031946759970595E-13, 5.893820587826726E-13, 3.9627806244779684E-13]
3615131,[2.4833175515937E-9, -9.585027216374442E-11, 5.396682545288911E-10, 1.2166416762937615E-9, 6.209201902640515E-11, 7.546436253669242E-10, 4.085615179505453E-10, -8.28639545868981E-10, 8.164292020218511E-10, 1.7005847841033983E-9]
3615135,[-1.5232774330797838E-6, 4.833444791074726E-7, -1.398183400169728E-7, -6.547953717017663E-7, -1.359027379521649E-7, -5.787167012272221E-8, 8.152891695090148E-9, 3.9867921941549866E-7, -5.065995196673612E-7, -1.5413811524922494E-6]
3615139,[-0.02007458545267582, 0.002439771080389619, -0.005442224442958832, -0.013415927067399025, -0.0016614284832030535, -0.005634562578052282, -8.134443196468055E-4, 0.006294819992035627, -0.008450785651803017, -0.017909161746501923]
3615143,[7.498247356352294E-8, 2.549816535690752E-8, 3.6840781092450925E-8, 6.68448478791106E-8, 1.982330077865413E-9, 6.207915959066668E-8, 2.3776088653448824E-8, -2.8700902987566224E-8, 2.9701906711920856E-8, 2.3908338420142172E-8]
3615147,[-9.983151458281547E-13, 4.5170741062514064E-13, -1.7450591752871114E-13, -6.451175856535263E-13, -2.209191895174642E-13, 2.2462594114051124E-17, 1.2619297425596476E-13, 1.3876032755547746E-13, -4.554630869506304E-13, -1.2802170348130693E-12]
3615151,[2.9606284871613875E-12, 4.4480193725320027E-13, 1.187122232113036E-12, 2.184027264595656E-12, 9.404402678424208E-15, 1.5360343205705895E-12, 5.410748346763861E-13, -1.2331929097678107E-12, 1.2820344829148067E-12, 1.7719939014379515E-12]
3615155,[-8.785984635141519E-13, 1.6292160762848562E-12, 6.841892503939295E-13, 3.508557647972227E-13, -3.6608574244950676E-13, 1.3685222659959306E-12, 6.127505729376648E-13, -2.2536195186471236E-13, -1.4371837053772651E-13, -2.246978861655813E-12]
3615159,[-1.7562269997647983E-12, -2.0733857339361172E-12, -1.9011582672728844E-12, -2.673796080376878E-12, 2.765907891177227E-13, -2.954953122469295E-12, -1.0088693118762149E-12, 1.3053377823091239E-12, -1.1206145603473439E-12, 5.771634797695213E-13]
3615163,[-0.02007458545267582, 0.002439771080389619, -0.005442224442958832, -0.013415927067399025, -0.0016614284832030535, -0.005634562578052282, -8.134443196468055E-4, 0.006294819992035627, -0.008450785651803017, -0.017909161746501923]
3615167,[-8.735841561247071E-7, 6.295639423115063E-7, 1.5731797020634986E-7, -1.0994077115356049E-7, -1.0119429560973003E-7, 4.0671926626600907E-7, 1.8344911723033874E-7, 1.696230782499697E-7, -2.4635170348119573E-7, -1.2747973414661828E-6]
3615171,[0.44781360030174255, -1.114763617515564, 0.24186520278453827, 0.5507218837738037, 0.11647912114858627, -0.37671878933906555, -0.26992589235305786, -0.526567816734314, -0.2917298972606659, -1.0382566452026367]
3615175,[5.995768503908039E-8, 9.81303742264572E-7, 6.740081062162062E-7, 8.075031132648292E-7, -1.571205814343557E-7, 1.1157364951941418E-6, 3.658510934201331E-7, -3.4353209343862545E-7, 2.285849234340276E-7, -8.233337780438887E-7]
3615183,[6.021192433536271E-10, 1.1170184777142822E-9, 8.370806825475086E-10, 1.0156244734105258E-9, -1.7933537987957493E-10, 1.413353212242896E-9, 6.015343223531033E-10, -5.387171264636947E-10, 3.7141911768401314E-10, -6.93501756021675E-10]
3615187,[6.021192433536271E-10, 1.1170184777142822E-9, 8.370806825475086E-10, 1.0156244734105258E-9, -1.7933537987957493E-10, 1.413353212242896E-9, 6.015343223531033E-10, -5.387171264636947E-10, 3.7141911768401314E-10, -6.93501756021675E-10]
3615191,[6.80371092798282E-10, 3.146390648023356E-10, 4.5065909337616006E-10, 8.233516091138426E-10, -4.228613639800649E-11, 6.191612222927745E-10, 1.0389038934688344E-10, -4.175638168568696E-10, 3.925705038820837E-10, 3.234609247115827E-10]
3615195,[-6.86822357342555E-14, -6.243395015391451E-13, -5.522909061507486E-13, -7.523905001631526E-13, 5.804481651187562E-14, -7.852060473177713E-13, -1.5339102600944732E-13, 2.429352563299708E-13, -2.6764392568531803E-13, 3.854398083254912E-13]
3615199,[5.580151683608203E-13, 7.920103375219645E-13, 6.128565537000252E-13, 6.419190266143682E-13, -7.104470549183783E-14, 1.0519341474279909E-12, 5.839592047765518E-13, -2.958270293226123E-13, 2.618968952296241E-13, -5.249022245502888E-13]
3615203,[-0.021755607798695564, 0.0018989902455359697, -0.004541895817965269, -0.01144774816930294, -4.675589152611792E-4, -0.005381884053349495, -0.0019383331527933478, 0.00785051379352808, -0.007813608273863792, -0.017450643703341484]
3615207,[0.00102030741982162, 0.0011222201865166426, 0.0024996334686875343, -0.0021153809502720833, 2.567927585914731E-4, -0.0012643758673220873, -0.005924916360527277, 0.0023321378976106644, -0.003260910278186202, 3.474429831840098E-4]
3615211,[-9.074469886627412E-8, -2.1907172964574784E-8, -3.3724937509305164E-8, -5.808098180182242E-8, 6.601700519581755E-9, -4.975943923568593E-8, -2.2868283267030165E-8, 4.444396140002027E-8, -3.392371894506141E-8, -4.014177790168105E-8]
3615215,[0.021823491901159286, 0.011289364658296108, 0.01373331155627966, 0.021299298852682114, -0.001495807315222919, 0.019674165174365044, 0.007367873098701239, -0.01177339069545269, 0.010642762295901775, 0.005198444239795208]
3615223,[0.3891242742538452, -0.06840451806783676, -0.4077037572860718, 0.14747120440006256, -0.9491835832595825, -0.004744688514620066, -0.2726285755634308, 0.687423586845398, 0.5961772203445435, -0.25553902983665466]
3615227,[1.8545737862085687E-12, -2.867146624285777E-12, -1.3303219203314454E-12, -8.768079036262921E-13, 5.248024237403115E-13, -2.474530129414898E-12, -9.22769347912189E-13, 2.2177284965049782E-13, 1.9362883150152166E-13, 4.009049602710091E-12]
3615231,[0.016700584441423416, 0.25257816910743713, 0.8229044675827026, -0.2540212571620941, -0.14124338328838348, -1.039642572402954, 0.35892245173454285, -0.04596257582306862, 0.62429279088974, -0.08752559870481491]
3615235,[-4.474938819498675E-8, 3.024461037171022E-8, 5.756709775539548E-9, -8.68112515206576E-9, -6.0927396461352146E-9, 1.6967744542739638E-8, 7.847129168681022E-9, 7.859004114152413E-9, -1.2962508399994022E-8, -6.193822343902866E-8]
3615239,[-2.50306608773343E-10, -2.3635702284252602E-9, -1.542696637102381E-9, -1.6839825089931537E-9, 3.8960021320200156E-10, -2.6738657954439304E-9, -1.0617421386527326E-9, 7.962853154630523E-10, -4.5951856209036634E-10, 2.1115376114266837E-9]
3615243,[0.3891242742538452, -0.06840451806783676, -0.4077037572860718, 0.14747120440006256, -0.9491835832595825, -0.004744688514620066, -0.2726285755634308, 0.687423586845398, 0.5961772203445435, -0.25553902983665466]
3615247,[-0.021755607798695564, 0.0018989902455359697, -0.004541895817965269, -0.01144774816930294, -4.675589152611792E-4, -0.005381884053349495, -0.0019383331527933478, 0.00785051379352808, -0.007813608273863792, -0.017450643703341484]
3615251,[-1.8473578515445371E-13, -9.814329253801657E-13, -8.142667855086383E-13, -1.0357697772384045E-12, 4.886083128808477E-14, -1.270088526537927E-12, -3.9994686707421623E-13, 2.7315622637066883E-13, -3.4643720726347527E-13, 7.048569085170431E-13]
3615255,[2.3142331428971374E-6, 1.7391537767252885E-5, 9.819915248954203E-6, 8.75603927852353E-6, -3.808441761066206E-6, 1.8203620129497722E-5, 9.10727794689592E-6, -6.264281182666309E-6, 2.081283582811011E-6, -1.6840658645378426E-5]
3615259,[0.029755474999547005, 0.48715004324913025, 1.5889451503753662, -0.49469032883644104, -0.2733595669269562, -2.0078585147857666, 0.6925450563430786, -0.09049414843320847, 1.2051540613174438, -0.17140285670757294]
3615263,[-0.4661030173301697, 0.13742108643054962, 0.6859946250915527, 1.1034938097000122, 0.31191498041152954, 0.3073917627334595, -0.3964443802833557, 0.2689194679260254, 0.5359251499176025, 0.2647554576396942]
3615267,[0.3891242742538452, -0.06840451806783676, -0.4077037572860718, 0.14747120440006256, -0.9491835832595825, -0.004744688514620066, -0.2726285755634308, 0.687423586845398, 0.5961772203445435, -0.25553902983665466]
3615279,[-1.7523973383504199E-9, -5.9261051621462E-10, -8.607233259461111E-10, -1.3835921297555842E-9, 7.049984901419393E-11, -1.2244099067970637E-9, -5.173777517519795E-10, 8.20234047349544E-10, -7.556695269528291E-10, -6.505288530078701E-10]
3615283,[2.917453530244529E-4, 4.444809746928513E-4, 0.0011860353406518698, -0.001111600431613624, 1.3506467803381383E-4, -8.094086078926921E-4, -0.0031714029610157013, 0.001251550274901092, -0.0017035723431035876, 2.417907671770081E-4]
3615287,[1.316875830603692E-9, -5.500686017789747E-10, 3.351437183329864E-11, 4.147804599785587E-10, 1.266413640621522E-10, -1.4419858362924032E-10, -3.902218825846404E-11, -3.051976171786208E-10, 4.117561847039042E-10, 1.4385972413322179E-9]
3615291,[0.029755474999547005, 0.48715004324913025, 1.5889451503753662, -0.49469032883644104, -0.2733595669269562, -2.0078585147857666, 0.6925450563430786, -0.09049414843320847, 1.2051540613174438, -0.17140285670757294]
3615295,[0.3891242742538452, -0.06840451806783676, -0.4077037572860718, 0.14747120440006256, -0.9491835832595825, -0.004744688514620066, -0.2726285755634308, 0.687423586845398, 0.5961772203445435, -0.25553902983665466]
3615299,[-1.0783666182234697E-9, 1.72026819872384E-11, -2.857870051720113E-10, -5.333137265139953E-10, -4.933260050465904E-11, -3.367320589031664E-10, -2.223134454304443E-10, 3.234737200319415E-10, -3.7868594371381903E-10, -7.034151039420067E-10]
3615303,[-0.4661030173301697, 0.13742108643054962, 0.6859946250915527, 1.1034938097000122, 0.31191498041152954, 0.3073917627334595, -0.3964443802833557, 0.2689194679260254, 0.5359251499176025, 0.2647554576396942]
3615307,[-1.5572015898968061E-9, 8.286283881275835E-10, -1.458335709136893E-11, -4.951113963258535E-10, -2.726796011209842E-10, 2.725352166166317E-10, 1.01062012924924E-10, 1.9801871253832815E-10, -5.161229776895482E-10, -1.895921641903442E-9]
3615311,[1.7254180908203125, -1.069121241569519, -0.26340869069099426, 0.19592668116092682, 0.13744543492794037, -0.6652504801750183, -0.22807180881500244, -0.39782586693763733, 0.43353697657585144, 2.230639696121216]
3615319,[-0.8932570815086365, 0.2609807848930359, 1.3195033073425293, 2.129322052001953, 0.6004613637924194, 0.5920857191085815, -0.7646653056144714, 0.5177507400512695, 1.031016230583191, 0.5096771717071533]
3615323,[5.535087388430782E-10, 2.696546874680905E-10, 3.1263977517959063E-10, 5.41346578675217E-10, -7.520627870460928E-11, 4.5968745476798745E-10, 1.3014447852732758E-10, -3.6195318964260537E-10, 2.6426416610547676E-10, 1.8773693710727457E-10]
3615327,[1.7112057548729354E-7, -1.9356974689799245E-8, 3.999576136948235E-8, 1.0239721603966245E-7, 6.720621836819873E-9, 4.072503045904341E-8, 7.251076183933947E-9, -6.145342013041954E-8, 6.777386829526222E-8, 1.498744808259289E-7]
3615335,[0.016700584441423416, 0.25257816910743713, 0.8229044675827026, -0.2540212571620941, -0.14124338328838348, -1.039642572402954, 0.35892245173454285, -0.04596257582306862, 0.62429279088974, -0.08752559870481491]
3615339,[-0.17370589077472687, -0.5459045767784119, 0.4006246328353882, -0.6786052584648132, 0.16575579345226288, 0.6764203906059265, -0.25810959935188293, -0.34451887011528015, 0.5321409106254578, -0.05711302161216736]
3615343,[5.879400156831582E-13, -2.0505346552679438E-12, -1.145841559656302E-12, -1.093750632598367E-12, 3.698038511697199E-13, -2.0316099063472093E-12, -7.221817002918407E-13, 4.5299845146708206E-13, -1.561984862199356E-13, 2.275166817097829E-12]
3615347,[-4.719284518728273E-8, 4.582402723940504E-8, 1.5291215405000003E-8, 4.261201613786625E-9, -9.233345643622215E-9, 3.4048515118456635E-8, 1.1380969944241315E-8, 2.0694626012840445E-9, -1.0389738847038643E-8, -7.591942363660564E-8]
3615351,[1.6015354598053477E-9, -2.0079269358319607E-9, -8.826713804310771E-10, -5.078728548824074E-10, 3.5072214576992167E-10, -1.6613581621527373E-9, -5.852276996343164E-10, 3.196293577034659E-11, 2.1904196512156915E-10, 2.989885894422173E-9]
3615355,[0.3891242742538452, -0.06840451806783676, -0.4077037572860718, 0.14747120440006256, -0.9491835832595825, -0.004744688514620066, -0.2726285755634308, 0.687423586845398, 0.5961772203445435, -0.25553902983665466]
3615359,[-4.5971162762725726E-5, 4.760649517265847E-6, -1.2080447049811482E-5, -3.085049684159458E-5, -1.990873215618194E-6, -1.2172393326181918E-5, -6.206145144460606E-7, 1.7205820768140256E-5, -1.9528886696207337E-5, -4.180550604360178E-5]
3615363,[0.8165969252586365, 0.4579593539237976, 0.3344912528991699, 0.14151901006698608, -0.06453774869441986, 0.6510775685310364, 0.6649330854415894, -0.25099289417266846, 0.15310417115688324, -0.2583905756473541]
3615367,[6.073005986984015E-10, 3.6855421492454354E-11, 1.0839980996157905E-10, 1.1227932472657187E-10, 2.3521776540413875E-11, 2.201535898027629E-10, 2.7601163021806485E-10, -1.1845464886750534E-10, 1.1554772416655368E-10, 1.8566446990941898E-10]
3615371,[-7.602243567816913E-4, 1.6754548414610326E-4, -1.455945457564667E-4, -4.643708816729486E-4, -4.954787436872721E-5, -1.1086179438279942E-4, 3.46926499332767E-5, 2.58455314906314E-4, -3.127413219772279E-4, -7.870351546443999E-4]
3615375,[0.09786265343427658, 0.023465733975172043, 0.04165126755833626, 0.07243341952562332, -0.002848875243216753, 0.05811953544616699, 0.023169441148638725, -0.04418414831161499, 0.04094448685646057, 0.04742065444588661]
3615383,[1.1963885437893396E-9, 2.6836824429388173E-10, 4.6136000575458525E-10, 7.007979196949066E-10, -1.7296296339619488E-11, 6.621737602685585E-10, 3.895713196477857E-10, -4.5853060237632803E-10, 4.3713002662038036E-10, 4.718116453084065E-10]
3615399,[-5.639892849615413E-13, 1.0553967639062578E-12, 3.554886148903619E-13, -7.043541775221887E-14, -2.3982500555776165E-13, 8.316820539547298E-13, 5.644808080164376E-13, -6.143347684945191E-14, -2.0492269448176004E-13, -1.6453925895387744E-12]
3615403,[-0.4661030173301697, 0.13742108643054962, 0.6859946250915527, 1.1034938097000122, 0.31191498041152954, 0.3073917627334595, -0.3964443802833557, 0.2689194679260254, 0.5359251499176025, 0.2647554576396942]
3615411,[-3.124738315318787E-12, 5.981000200314113E-13, -3.399169238183647E-13, -9.61308506755576E-13, -1.3383973020576062E-13, -2.987614496074986E-13, -4.3088956339608353E-13, 8.583835140081597E-13, -9.000658833697994E-13, -2.4812317998834654E-12]
3615415,[-2.7271811632090248E-5, -2.2256965337419388E-7, -7.2010875555861276E-6, -1.5094602531462442E-5, 2.1421818985345453E-8, -8.972072464530356E-6, -3.9495221244578715E-6, 1.0591804311843589E-5, -1.0055890925286803E-5, -1.896231151476968E-5]
3615427,[0.1427176296710968, 0.07972955703735352, 0.0644296333193779, 0.021551795303821564, -0.010050926357507706, 0.10930034518241882, 0.09744039922952652, -0.03859848529100418, 0.019862661138176918, -0.040664128959178925]
3615431,[2.5350518125660804E-12, -1.130903096863145E-12, -1.9215271734873696E-13, 2.38455360058315E-13, 1.9606232327766537E-13, -4.760852085824996E-13, 1.2034385261320418E-13, -4.991106269600087E-13, 5.593905330267268E-13, 2.5478642633192106E-12]
3615443,[5.159442080184817E-4, 5.675644497387111E-4, 0.0012648517731577158, -0.0010703500593081117, 1.2970014358870685E-4, -6.398424156941473E-4, -0.0029978821985423565, 0.0011800943175330758, -0.001650136662647128, 1.7596152611076832E-4]
3615447,[-3.006290312176918E-12, 8.118104170666551E-13, -3.8080262142366206E-13, -1.4059594417512034E-12, -2.0626253797399047E-13, -1.85339238531132E-13, 2.0003924799710977E-14, 8.92657096244337E-13, -1.0814133876574372E-12, -3.033688317916061E-12]
3615451,[-2.7271811632090248E-5, -2.2256965337419388E-7, -7.2010875555861276E-6, -1.5094602531462442E-5, 2.1421818985345453E-8, -8.972072464530356E-6, -3.9495221244578715E-6, 1.0591804311843589E-5, -1.0055890925286803E-5, -1.896231151476968E-5]
3615459,[-7.602243567816913E-4, 1.6754548414610326E-4, -1.455945457564667E-4, -4.643708816729486E-4, -4.954787436872721E-5, -1.1086179438279942E-4, 3.46926499332767E-5, 2.58455314906314E-4, -3.127413219772279E-4, -7.870351546443999E-4]
3615463,[2.6737945624938364E-12, -3.6120672425310474E-13, 5.648543698749675E-13, 1.3904487370514085E-12, 1.6346185472901342E-13, 5.699644315543262E-13, 2.5073457307796254E-13, -8.067390614048542E-13, 9.68242088068838E-13, 2.1997909136622917E-12]
3615467,[0.3891242742538452, -0.06840451806783676, -0.4077037572860718, 0.14747120440006256, -0.9491835832595825, -0.004744688514620066, -0.2726285755634308, 0.687423586845398, 0.5961772203445435, -0.25553902983665466]
3615471,[2.9350111750703345E-12, -6.984220059930157E-13, 2.6194633484868945E-13, 1.0328429734737798E-12, 1.1021725524439085E-13, 1.6106999631629315E-13, 1.7467212572175317E-13, -8.944935178840929E-13, 8.996425024214438E-13, 2.6503538946842653E-12]
3615483,[-8.735841561247071E-7, 6.295639423115063E-7, 1.5731797020634986E-7, -1.0994077115356049E-7, -1.0119429560973003E-7, 4.0671926626600907E-7, 1.8344911723033874E-7, 1.696230782499697E-7, -2.4635170348119573E-7, -1.2747973414661828E-6]
3615487,[0.21487554907798767, -0.6291158199310303, 0.17128506302833557, -0.2736649811267853, 0.9622247219085693, 0.01661183312535286, 0.7119661569595337, 1.4737693071365356, -0.04252241179347038, -0.1759304404258728]
3615491,[0.44781360030174255, -1.114763617515564, 0.24186520278453827, 0.5507218837738037, 0.11647912114858627, -0.37671878933906555, -0.26992589235305786, -0.526567816734314, -0.2917298972606659, -1.0382566452026367]
3615499,[3.447052322400057E-12, -7.848584521012725E-13, 4.767084079912443E-13, 1.629587198688498E-12, 2.0773705292857075E-13, 3.992370670169443E-13, 8.114140598574487E-14, -1.0543780475449904E-12, 1.2024139279739887E-12, 3.2576580322185578E-12]
3615503,[0.21487554907798767, -0.6291158199310303, 0.17128506302833557, -0.2736649811267853, 0.9622247219085693, 0.01661183312535286, 0.7119661569595337, 1.4737693071365356, -0.04252241179347038, -0.1759304404258728]
3615511,[4.7117577196331695E-5, -2.5391716917511076E-5, -6.4831106101337355E-6, -2.419626298433286E-6, 5.45216198588605E-6, -1.4281908988778014E-5, 3.929777449229732E-6, -4.9136347115563694E-6, 8.422583960054908E-6, 4.784621705766767E-5]
3615515,[-7.163207201878186E-13, 5.845743268791115E-13, 4.766768119682458E-15, -4.970289587888366E-13, -1.5206546688083938E-13, 2.6952252278958366E-13, 3.733100796803751E-13, 1.6973458771309125E-13, -3.6278025397108726E-13, -1.3426591652723752E-12]
3615519,[1.7112057548729354E-7, -1.9356974689799245E-8, 3.999576136948235E-8, 1.0239721603966245E-7, 6.720621836819873E-9, 4.072503045904341E-8, 7.251076183933947E-9, -6.145342013041954E-8, 6.777386829526222E-8, 1.498744808259289E-7]
3615523,[0.44781360030174255, -1.114763617515564, 0.24186520278453827, 0.5507218837738037, 0.11647912114858627, -0.37671878933906555, -0.26992589235305786, -0.526567816734314, -0.2917298972606659, -1.0382566452026367]
3615527,[5.700834444724023E-4, 0.00952459592372179, 0.03102095238864422, -0.009657877497375011, -0.005347573198378086, -0.03921951726078987, 0.013524316251277924, -0.001758571364916861, 0.02352689951658249, -0.0033603012561798096]
3615531,[1.8496596112527186E-6, 1.459900158806704E-5, 8.269213140010834E-6, 7.314223239518469E-6, -3.152100134684588E-6, 1.5303954569390044E-5, 7.645109690201934E-6, -5.191830950934673E-6, 1.7574794810570893E-6, -1.416823852196103E-5]
3615535,[0.44781360030174255, -1.114763617515564, 0.24186520278453827, 0.5507218837738037, 0.11647912114858627, -0.37671878933906555, -0.26992589235305786, -0.526567816734314, -0.2917298972606659, -1.0382566452026367]
3615539,[0.2220965474843979, -0.07053671032190323, 0.01585841178894043, 0.08757051825523376, 0.012833908200263977, -0.001432486460544169, -0.0045916251838207245, -0.06666316837072372, 0.07314411550760269, 0.22918589413166046]
3615543,[-2.28911290964251E-12, 1.700490470006935E-13, -6.63301119759041E-13, -1.6537749902151289E-12, -6.140555186724683E-14, -6.620524983270981E-13, 4.1555855673604866E-15, 9.409245301308933E-13, -1.0162027469506896E-12, -2.0760201283748225E-12]
3615547,[4.6822786680422723E-4, 5.40573091711849E-4, 0.0012477338314056396, -0.001080397400073707, 1.3067107647657394E-4, -6.767642335034907E-4, -0.003034575143828988, 0.0011959087569266558, -0.0016622270923107862, 1.9027340749744326E-4]
3615551,[2.24644109737826E-12, -2.0226092935921036E-12, -6.329796712820079E-13, -6.982253181663997E-14, 4.2874352072092003E-13, -1.4243578105171961E-12, -4.763966998666547E-13, -1.2267574109325885E-13, 5.167234370419271E-13, 3.475901424326855E-12]
3615555,[3.996664110772485E-12, -3.0189286942712557E-13, 9.742794678663236E-13, 2.236266944191656E-12, 1.5895405380394328E-13, 1.0696010049882076E-12, 4.1326008370576317E-13, -1.3536725993607002E-12, 1.509596701115834E-12, 3.1555350780282376E-12]
3615559,[2.5013279208313532E-12, -1.3415648800196855E-12, 7.344174096993172E-14, 1.0482568589195718E-12, 3.975769366504345E-13, -4.2690316884828883E-13, -3.643095753454867E-13, -4.667482763134889E-13, 9.347802479992007E-13, 3.2772966198496567E-12]
3615563,[-7.602243567816913E-4, 1.6754548414610326E-4, -1.455945457564667E-4, -4.643708816729486E-4, -4.954787436872721E-5, -1.1086179438279942E-4, 3.46926499332767E-5, 2.58455314906314E-4, -3.127413219772279E-4, -7.870351546443999E-4]
3615567,[1.316875830603692E-9, -5.500686017789747E-10, 3.351437183329864E-11, 4.147804599785587E-10, 1.266413640621522E-10, -1.4419858362924032E-10, -3.902218825846404E-11, -3.051976171786208E-10, 4.117561847039042E-10, 1.4385972413322179E-9]
3615571,[0.1427176296710968, 0.07972955703735352, 0.0644296333193779, 0.021551795303821564, -0.010050926357507706, 0.10930034518241882, 0.09744039922952652, -0.03859848529100418, 0.019862661138176918, -0.040664128959178925]
3615579,[-1.6140965517288941E-12, -1.153921467926533E-12, -1.0763740159597246E-12, -1.5577657436552372E-12, 2.1756053447501145E-13, -1.760476421759638E-12, -7.490731667759987E-13, 9.777907650221351E-13, -7.153229831385888E-13, 2.818851109562953E-14]
3615587,[2.2425294446293265E-4, 3.9867148734629154E-4, 0.0011573473457247019, -0.0011391101870685816, 1.383919588988647E-4, -8.741298224776983E-4, -0.0032307191286236048, 0.0012804525904357433, -0.0017267029033973813, 2.672764239832759E-4]
3615595,[-7.513622428227673E-13, 1.1999144082855406E-12, 6.094257043454121E-13, 4.1991722057009573E-13, -1.047958852399937E-13, 1.162588037992296E-12, 4.868352899631279E-13, 7.205822445894086E-14, -7.995460440642435E-14, -1.743609054881412E-12]
3615599,[0.44781360030174255, -1.114763617515564, 0.24186520278453827, 0.5507218837738037, 0.11647912114858627, -0.37671878933906555, -0.26992589235305786, -0.526567816734314, -0.2917298972606659, -1.0382566452026367]
3615607,[2.296218859498822E-8, -6.634400051552802E-8, -3.2664981830521356E-8, -3.19780113500201E-8, 2.1414383155615724E-8, -5.50723520120755E-8, -1.3482092775518595E-8, 2.8069937485497576E-8, -5.155996074535096E-9, 6.753046477570024E-8]
3615611,[0.00102030741982162, 0.0011222201865166426, 0.0024996334686875343, -0.0021153809502720833, 2.567927585914731E-4, -0.0012643758673220873, -0.005924916360527277, 0.0023321378976106644, -0.003260910278186202, 3.474429831840098E-4]
3615619,[-7.950952607416184E-8, 8.479914548331635E-9, -1.983034714214682E-8, -4.988336144151617E-8, -4.630432925978312E-9, -2.1662513560727348E-8, -3.8118335154990746E-9, 2.683631805666664E-8, -3.225552802632592E-8, -6.983169953400648E-8]
3615623,[-8.953706856118515E-5, 9.065543054020964E-6, -2.3556334781460464E-5, -6.029276119079441E-5, -3.899689090758329E-6, -2.4002743884921074E-5, -1.260788963008963E-6, 3.36918601533398E-5, -3.790131086134352E-5, -8.128407353069633E-5]
3615631,[3.3343519316986203E-4, -5.451233664643951E-5, 5.4436823120340705E-5, 1.4405623369384557E-4, 1.3144277545507066E-5, 4.700000863522291E-5, 3.003473102580756E-5, -1.0469277913216501E-4, 1.1321540659992024E-4, 2.8094995650462806E-4]
3615635,[0.3891242742538452, -0.06840451806783676, -0.4077037572860718, 0.14747120440006256, -0.9491835832595825, -0.004744688514620066, -0.2726285755634308, 0.687423586845398, 0.5961772203445435, -0.25553902983665466]
3615643,[-0.17370589077472687, -0.5459045767784119, 0.4006246328353882, -0.6786052584648132, 0.16575579345226288, 0.6764203906059265, -0.25810959935188293, -0.34451887011528015, 0.5321409106254578, -0.05711302161216736]
3615647,[1.2786960075852893E-12, -1.2307888811857043E-13, 3.489377027338786E-13, 7.771602914159736E-13, 1.385979818326749E-13, 4.041412929138566E-13, 1.6524519111989905E-13, -3.140952938279068E-13, 4.942328013859965E-13, 1.0019092760299442E-12]
3615659,[1.8806111182212426E-12, 1.1791196003526488E-13, 7.647765342018442E-13, 1.68205456074072E-12, 4.055677438308779E-14, 8.900191781485711E-13, 4.6350537340547615E-14, -8.484636604411122E-13, 9.402284723361576E-13, 1.5519598410215774E-12]
3615663,[-8.735841561247071E-7, 6.295639423115063E-7, 1.5731797020634986E-7, -1.0994077115356049E-7, -1.0119429560973003E-7, 4.0671926626600907E-7, 1.8344911723033874E-7, 1.696230782499697E-7, -2.4635170348119573E-7, -1.2747973414661828E-6]
3615667,[-5.237474898223127E-10, 1.8262616974240586E-9, 9.74097580375144E-10, 8.205753299073137E-10, -3.307034091015737E-10, 1.7868029278389486E-9, 7.365558163385799E-10, -3.589544494975172E-10, 6.881992198337628E-11, -2.1567676533607028E-9]
3615671,[3.55251511791721E-4, 4.761383170261979E-4, 0.0012072710087522864, -0.0011061523109674454, 1.3379381562117487E-4, -7.662851130589843E-4, -0.0031253311317414045, 0.0012347730807960033, -0.0016921187052503228, 2.2520711354445666E-4]
3615679,[9.530651007977342E-13, -2.006643413715245E-13, 1.8486298917434058E-13, 5.98155748023077E-13, 4.3595176432579055E-14, 1.3715719911818608E-13, -7.198931663461583E-14, -3.6014404349374307E-13, 4.109787868095821E-13, 1.0297409626380816E-12]
3615683,[0.0021540026646107435, -8.792923181317747E-4, -3.4246177528984845E-4, -7.103939196895226E-7, -5.9693561524909455E-6, -4.3332844506949186E-4, 1.1509827163536102E-4, -6.098846206441522E-4, 3.2447962439619005E-4, 0.00203235843218863]
3615687,[-7.361091987692636E-13, 1.182632767757208E-12, 6.553646514362299E-13, 5.95239244179091E-13, -1.6990216471137604E-13, 1.0961623319108438E-12, 3.124418855148664E-13, -9.557280775162116E-14, 2.1579863479395493E-14, -1.5330257679621595E-12]
3615691,[-4.5971162762725726E-5, 4.760649517265847E-6, -1.2080447049811482E-5, -3.085049684159458E-5, -1.990873215618194E-6, -1.2172393326181918E-5, -6.206145144460606E-7, 1.7205820768140256E-5, -1.9528886696207337E-5, -4.180550604360178E-5]
3615715,[2.3142335976444883E-6, 1.739153958624229E-5, 9.819915248954203E-6, 8.756040188018233E-6, -3.808441761066206E-6, 1.8203620129497722E-5, 9.10727794689592E-6, -6.26428163741366E-6, 2.0812838101846864E-6, -1.6840658645378426E-5]
3615727,[5.4534400106831527E-8, 1.846336949995475E-8, 2.691208500493758E-8, 4.8580293565692045E-8, 1.4776619927658885E-9, 4.512131468459302E-8, 1.7250702200044543E-8, -2.0801307343276676E-8, 2.1800154570428276E-8, 1.7541008645594047E-8]
3615735,[4.099899131131124E-13, 6.408342823407964E-13, 4.141457684604666E-13, 4.437508303520299E-13, -1.2231269599580208E-13, 8.113876324294944E-13, 4.312577313488053E-13, -3.121528914257904E-13, 1.4980594889579812E-13, -4.616882505643904E-13]
3615739,[-1.7523973383504199E-9, -5.9261051621462E-10, -8.607233259461111E-10, -1.3835921297555842E-9, 7.049984901419393E-11, -1.2244099067970637E-9, -5.173777517519795E-10, 8.20234047349544E-10, -7.556695269528291E-10, -6.505288530078701E-10]
3615743,[-7.950952607416184E-8, 8.479914548331635E-9, -1.983034714214682E-8, -4.988336144151617E-8, -4.630432925978312E-9, -2.1662513560727348E-8, -3.8118335154990746E-9, 2.683631805666664E-8, -3.225552802632592E-8, -6.983169953400648E-8]
3615747,[4.651239246186711E-13, 1.345839807870633E-13, 4.975358775145822E-13, 1.038942152795097E-12, 9.943012803078147E-14, 5.080651611227838E-13, -1.4949340051452487E-13, -2.474017355997421E-13, 4.883370183922375E-13, 5.746151709833114E-13]
3615751,[-2.6634735306174662E-8, 1.0901621827485997E-8, -1.4362713240956282E-9, -1.5279514542498873E-8, 3.2143587791466643E-10, 3.5287568422859295E-9, 7.463907714111429E-9, 1.2924633807642749E-8, -1.0977712960880126E-8, -3.557367023176994E-8]
3615755,[1.1247549558390801E-9, 1.5813736986558524E-9, 1.3050462932540086E-9, 1.7167292032382875E-9, -2.6416455134459227E-10, 2.1029935570737734E-9, 8.038777421504051E-10, -9.319930383000496E-10, 6.913698502586385E-10, -6.917130757067014E-10]
