10901,[0.3891242742538452, -0.06840451806783676, -0.4077037572860718, 0.14747120440006256, -0.9491835832595825, -0.004744688514620066, -0.2726285755634308, 0.687423586845398, 0.5961772203445435, -0.25553902983665466]
74605,[3.0738228815607727E-4, 4.491938161663711E-4, 0.0011914382921531796, -0.0011176700936630368, 1.346604258287698E-4, -8.043552516028285E-4, -0.0031654767226427794, 0.0012520520249381661, -0.0017061441903933883, 2.401445817667991E-4]
142953,[3.614291643749823E-10, 5.3096366192662E-10, 5.093157007252103E-10, 7.156563675003724E-10, -3.6864074293152527E-11, 7.701934090498241E-10, 2.3569701745884686E-10, -2.7259086654574105E-10, 2.8927896189578917E-10, -1.8540267932021237E-10]
224713,[0.74977046251297, -0.13614560663700104, -0.786118745803833, 0.2835007905960083, -1.83588707447052, -0.004790357779711485, -0.530064582824707, 1.3299227952957153, 1.1564120054244995, -0.49906036257743835]
294877,[3.549338725861162E-4, 4.7518263454549015E-4, 0.0012052572565153241, -0.001105463015846908, 1.3403974298853427E-4, -7.663526339456439E-4, -0.003122413996607065, 0.001233701012097299, -0.0016904618823900819, 2.2522208746522665E-4]
366429,[-4.578660367515752E-11, -9.551720836498134E-8, -5.955572746074722E-8, -6.226089510619204E-8, 1.7708797983573277E-8, -1.0243883963312328E-7, -3.956384375669586E-8, 3.14688719527112E-8, -1.567931384727217E-8, 9.036350689939354E-8]
429153,[5.836990890628613E-10, 1.1664730292793024E-9, 9.694958169603751E-10, 1.2289798068110258E-9, -1.375369401701576E-10, 1.5241083950456868E-9, 5.617505349775342E-10, -5.325092033992007E-10, 4.70251282358447E-10, -6.580236355802072E-10]
444933,[-1.7711376131046563E-5, 2.981245233968366E-5, 1.1813616765721235E-5, 4.275357696315041E-6, -6.388555448211264E-6, 2.452677108522039E-5, 1.2275167136976961E-5, -2.4966823275462957E-6, -4.089773938176222E-6, -4.420299956109375E-5]
457177,[-0.02007458545267582, 0.002439771080389619, -0.005442224442958832, -0.013415927067399025, -0.0016614284832030535, -0.005634562578052282, -8.134443196468055E-4, 0.006294819992035627, -0.008450785651803017, -0.017909161746501923]
608773,[-0.4661030173301697, 0.13742108643054962, 0.6859946250915527, 1.1034938097000122, 0.31191498041152954, 0.3073917627334595, -0.3964443802833557, 0.2689194679260254, 0.5359251499176025, 0.2647554576396942]
643693,[1.7184881989651402E-12, 2.441482617205476E-13, 7.152817834560343E-13, 1.3783453545190838E-12, 1.6781367623091258E-14, 9.167565795040189E-13, 2.4474934340497356E-13, -7.36972386328888E-13, 7.878332318120296E-13, 1.1215453479124227E-12]
733549,[-4.991936179976619E-7, 5.351811296350206E-7, 2.7347977038516547E-7, 1.2283479122743302E-7, -3.4533631065869486E-8, 4.4504770357889356E-7, 1.9223870140194776E-7, 1.060471035430055E-7, -5.546440462467217E-8, -8.658054753141187E-7]
787017,[1.9979335963427047E-9, -6.637979055312826E-10, 1.824710521569628E-10, 7.790189049394769E-10, 2.1605878197661355E-10, 1.9180044705247035E-11, 3.798221459572204E-11, -4.467034797617231E-10, 6.628625426330359E-10, 2.026091516782458E-9]
809725,[3.3840836491556836E-13, -2.758407434758081E-12, -1.7318829747051123E-12, -1.8237154408157208E-12, 4.548147340514841E-13, -2.9301530819758614E-12, -1.0339454986629804E-12, 7.545406899116258E-13, -4.1599566131221566E-13, 2.7577293747194087E-12]
856541,[-3.677501825196522E-13, 1.5388695092516391E-12, 9.204566362580602E-13, 9.4018109270122E-13, -3.1249560773251306E-13, 1.5106275605414332E-12, 4.731426296762653E-13, -4.556597070146107E-13, 2.0529011704548822E-13, -1.568539135382574E-12]
897741,[0.74977046251297, -0.13614560663700104, -0.786118745803833, 0.2835007905960083, -1.83588707447052, -0.004790357779711485, -0.530064582824707, 1.3299227952957153, 1.1564120054244995, -0.49906036257743835]
1075809,[3.170121232187739E-8, -5.609853559462863E-8, -3.079856369936351E-8, -3.069414589162989E-8, 9.706161208100639E-9, -5.250881329743606E-8, -1.2759188372513108E-8, 8.733717749009884E-9, -2.481875593929317E-9, 6.763630722161906E-8]
1080525,[-3.157448464469713E-14, 2.091887427169148E-12, 1.29675361160847E-12, 1.4794469902629226E-12, -3.875613480315565E-13, 2.308833896638718E-12, 7.835399538393129E-13, -7.183204226747508E-13, 3.461637172654658E-13, -1.935326898738765E-12]
1100417,[-3.664242976810783E-4, 4.0075756260193884E-4, -5.904653789912118E-6, -3.1703838612884283E-4, -1.3857106387149543E-4, 2.0574733207467943E-4, 2.6269874069839716E-4, 3.119018583674915E-5, -2.2797183191869408E-4, -8.38803593069315E-4]
1290277,[8.840775990393013E-6, -2.3359209080808796E-5, -1.0776474482554477E-5, -5.4928436838963535E-6, 4.561462446872611E-6, -2.1024728994234465E-5, -1.1044992788811214E-5, 3.100413323409157E-6, 1.3277240213938057E-6, 3.155434751533903E-5]
1302125,[5.842750870795055E-13, -1.625666425477193E-13, 4.833444096894769E-14, 1.564664467868654E-13, 3.2385437376530185E-14, -1.7238069153525937E-14, 5.556319293553713E-14, -1.4897540937409276E-13, 1.7412871004037628E-13, 5.1911795174997E-13]
1350361,[4.4003255900149085E-12, -6.217860427926158E-13, 9.811972198278673E-13, 2.5425050519806147E-12, 2.7201198650288194E-13, 9.774438203269398E-13, 2.2358521555455174E-13, -1.413079505838133E-12, 1.708294313298997E-12, 3.885395477576381E-12]
1350625,[7.324441639866563E-7, 7.2698912845226E-7, 6.510153411909414E-7, 8.709320127309184E-7, -1.2133035909300816E-7, 1.010541836876655E-6, 4.2947885958710685E-7, -4.95421375035221E-7, 3.7919448914180975E-7, -2.0879765827430674E-7]
1532281,[2.739701812970452E-6, -4.5060423303766584E-7, 5.857561973243719E-7, 1.5076034287631046E-6, 1.6087695087207976E-7, 4.932815045322059E-7, 1.1579995629062978E-7, -8.883387181413127E-7, 1.0656665381247876E-6, 2.4703144845261704E-6]
1563889,[2.2425294446293265E-4, 3.9867148734629154E-4, 0.0011573473457247019, -0.0011391101870685816, 1.383919588988647E-4, -8.741298224776983E-4, -0.0032307191286236048, 0.0012804525904357433, -0.0017267029033973813, 2.672764239832759E-4]
1577741,[-4.4464731376037125E-12, 6.587009583614023E-13, -1.0891138251672983E-12, -2.8052469201733654E-12, -3.4774261378420213E-13, -1.0569315605016283E-12, -1.3353279257072997E-13, 1.3938699370066865E-12, -1.8304071366243013E-12, -4.079763003123071E-12]
1585385,[-1.9899634935427457E-4, 4.888000330538489E-5, -2.5727362299221568E-5, -8.269230602309108E-5, -1.73692296812078E-5, -1.9036537196370773E-5, -1.3175764252082445E-5, 4.961822196491994E-5, -6.598961044801399E-5, -1.827938249334693E-4]
1616613,[-2.6634735306174662E-8, 1.0901621827485997E-8, -1.4362713240956282E-9, -1.5279514542498873E-8, 3.2143587791466643E-10, 3.5287568422859295E-9, 7.463907714111429E-9, 1.2924633807642749E-8, -1.0977712960880126E-8, -3.557367023176994E-8]
1656365,[1.0938549166894518E-5, -3.2222944810200715E-6, 1.1059494227083633E-6, 4.857653493672842E-6, 8.928971624300175E-7, 5.782476932836289E-7, -4.632774519564009E-8, -3.052472948184004E-6, 3.6876222111459356E-6, 1.1057486517529469E-5]
1667589,[0.21862705051898956, 0.09197533875703812, 0.11383107304573059, 0.0253840871155262, -0.006401661317795515, 0.20712170004844666, 0.1557150036096573, -0.09214023500680923, 0.07373350858688354, -0.049374375492334366]
1693737,[-3.6576663464508996E-13, 6.469979716913765E-13, 1.5433136810617115E-13, -1.3296838402478833E-13, -1.7368211361300234E-13, 4.771364510089415E-13, 3.6396515142034236E-13, -4.0658858793890876E-14, -1.8691358140074388E-13, -1.068298227657749E-12]
1707161,[2.917453530244529E-4, 4.444809746928513E-4, 0.0011860353406518698, -0.001111600431613624, 1.3506467803381383E-4, -8.094086078926921E-4, -0.0031714029610157013, 0.001251550274901092, -0.0017035723431035876, 2.417907671770081E-4]
1742673,[0.3891242742538452, -0.06840451806783676, -0.4077037572860718, 0.14747120440006256, -0.9491835832595825, -0.004744688514620066, -0.2726285755634308, 0.687423586845398, 0.5961772203445435, -0.25553902983665466]
1789309,[2.917453530244529E-4, 4.444809746928513E-4, 0.0011860353406518698, -0.001111600431613624, 1.3506467803381383E-4, -8.094086078926921E-4, -0.0031714029610157013, 0.001251550274901092, -0.0017035723431035876, 2.417907671770081E-4]
1821653,[1.8496596112527186E-6, 1.459900158806704E-5, 8.269213140010834E-6, 7.314223239518469E-6, -3.152100134684588E-6, 1.5303954569390044E-5, 7.645109690201934E-6, -5.191830950934673E-6, 1.7574794810570893E-6, -1.416823852196103E-5]
1973985,[-0.4661030173301697, 0.13742108643054962, 0.6859946250915527, 1.1034938097000122, 0.31191498041152954, 0.3073917627334595, -0.3964443802833557, 0.2689194679260254, 0.5359251499176025, 0.2647554576396942]
1974265,[1.1963885437893396E-9, 2.6836824429388173E-10, 4.6136000575458525E-10, 7.007979196949066E-10, -1.7296296339619488E-11, 6.621737602685585E-10, 3.895713196477857E-10, -4.5853060237632803E-10, 4.3713002662038036E-10, 4.718116453084065E-10]
2120041,[0.3891242742538452, -0.06840451806783676, -0.4077037572860718, 0.14747120440006256, -0.9491835832595825, -0.004744688514620066, -0.2726285755634308, 0.687423586845398, 0.5961772203445435, -0.25553902983665466]
2187973,[0.44781360030174255, -1.114763617515564, 0.24186520278453827, 0.5507218837738037, 0.11647912114858627, -0.37671878933906555, -0.26992589235305786, -0.526567816734314, -0.2917298972606659, -1.0382566452026367]
2219053,[-2.5415411073481664E-6, -8.397935289394809E-7, -1.1878064469783567E-6, -2.0374504856590647E-6, 1.2577858399254183E-7, -1.771884853951633E-6, -6.864573265374929E-7, 1.2365301245154114E-6, -1.0655634241629741E-6, -1.0038136224466143E-6]
2269601,[0.00102030741982162, 0.0011222201865166426, 0.0024996334686875343, -0.0021153809502720833, 2.567927585914731E-4, -0.0012643758673220873, -0.005924916360527277, 0.0023321378976106644, -0.003260910278186202, 3.474429831840098E-4]
2334697,[0.8165969252586365, 0.4579593539237976, 0.3344912528991699, 0.14151901006698608, -0.06453774869441986, 0.6510775685310364, 0.6649330854415894, -0.25099289417266846, 0.15310417115688324, -0.2583905756473541]
2461457,[0.016700584441423416, 0.25257816910743713, 0.8229044675827026, -0.2540212571620941, -0.14124338328838348, -1.039642572402954, 0.35892245173454285, -0.04596257582306862, 0.62429279088974, -0.08752559870481491]
2461501,[0.016700584441423416, 0.25257816910743713, 0.8229044675827026, -0.2540212571620941, -0.14124338328838348, -1.039642572402954, 0.35892245173454285, -0.04596257582306862, 0.62429279088974, -0.08752559870481491]
2836005,[-3.3368980321968333E-12, -4.670359693599579E-13, -1.0765779543883691E-12, -1.8693839878847207E-12, 3.9103624987569044E-14, -1.5840188319002357E-12, -8.699921750891793E-13, 1.2853599478182542E-12, -1.1669803578334692E-12, -1.6491204018684313E-12]
2995501,[0.21862705051898956, 0.09197533875703812, 0.11383107304573059, 0.0253840871155262, -0.006401661317795515, 0.20712170004844666, 0.1557150036096573, -0.09214023500680923, 0.07373350858688354, -0.049374375492334366]
3042885,[-5.8040686781168915E-6, 4.239838744979352E-6, 1.2736538792523788E-6, -1.0427071828189582E-7, -7.912722139735706E-7, 2.692296902750968E-6, 7.527135608142999E-7, 7.690794632253528E-7, -1.2556060937640723E-6, -7.8302819019882E-6]
3154145,[0.00102030741982162, 0.0011222201865166426, 0.0024996334686875343, -0.0021153809502720833, 2.567927585914731E-4, -0.0012643758673220873, -0.005924916360527277, 0.0023321378976106644, -0.003260910278186202, 3.474429831840098E-4]
3305897,[9.684324595582439E-7, -2.487610117896111E-7, 4.6335905778960296E-8, 3.1736411187921476E-7, 1.9080035329466227E-8, 3.372456447436889E-8, 3.5334036141421166E-8, -3.220186215457943E-7, 2.7185654971617623E-7, 8.877427148945571E-7]
3364785,[0.3891242742538452, -0.06840451806783676, -0.4077037572860718, 0.14747120440006256, -0.9491835832595825, -0.004744688514620066, -0.2726285755634308, 0.687423586845398, 0.5961772203445435, -0.25553902983665466]
3397497,[3.591805580072105E-6, -1.1091571394672428E-7, 1.1813303899543826E-6, 2.66923393610341E-6, 2.901792583998031E-7, 1.4211487950888113E-6, 3.0362244274328987E-7, -1.1628990250756033E-6, 1.5470579910470406E-6, 2.87921875496977E-6]
3412713,[-2.7588663797928348E-8, -8.592275335672639E-9, -1.4070823617373662E-8, -2.1950716799779002E-8, -1.6470396158041467E-9, -2.129876008893916E-8, -1.0350708734563341E-8, 8.625392844407997E-9, -1.1277391465114306E-8, -8.268317586157536E-9]
3480853,[0.09786265343427658, 0.023465733975172043, 0.04165126755833626, 0.07243341952562332, -0.002848875243216753, 0.05811953544616699, 0.023169441148638725, -0.04418414831161499, 0.04094448685646057, 0.04742065444588661]
3564141,[-2.957779854373399E-12, 2.202022201733267E-12, 6.865626231596089E-13, -2.2376582669582888E-14, -3.6193452206643995E-13, 1.4738555428189803E-12, 4.550801467433085E-13, 4.440569819404855E-13, -6.609842339265481E-13, -4.105223539579983E-12]
3567173,[-0.3370991051197052, -1.0573302507400513, 0.7744922041893005, -1.320706844329834, 0.31559938192367554, 1.3099254369735718, -0.502016007900238, -0.6636817455291748, 1.0375357866287231, -0.10759250074625015]
3588753,[-0.8932570815086365, 0.2609807848930359, 1.3195033073425293, 2.129322052001953, 0.6004613637924194, 0.5920857191085815, -0.7646653056144714, 0.5177507400512695, 1.031016230583191, 0.5096771717071533]
3589077,[-0.3370991051197052, -1.0573302507400513, 0.7744922041893005, -1.320706844329834, 0.31559938192367554, 1.3099254369735718, -0.502016007900238, -0.6636817455291748, 1.0375357866287231, -0.10759250074625015]
3606577,[0.3891242742538452, -0.06840451806783676, -0.4077037572860718, 0.14747120440006256, -0.9491835832595825, -0.004744688514620066, -0.2726285755634308, 0.687423586845398, 0.5961772203445435, -0.25553902983665466]
3607909,[-1.2187470000216138E-12, 8.276184642122542E-13, 1.0583977542045347E-13, -4.1230183872066617E-13, -2.455082036105505E-13, 3.297403040718183E-13, 2.3728255146328314E-13, 1.3831474756764023E-13, -3.857214298397943E-13, -1.727075405431877E-12]
3608345,[-0.02007458545267582, 0.002439771080389619, -0.005442224442958832, -0.013415927067399025, -0.0016614284832030535, -0.005634562578052282, -8.134443196468055E-4, 0.006294819992035627, -0.008450785651803017, -0.017909161746501923]
3611317,[0.3891242742538452, -0.06840451806783676, -0.4077037572860718, 0.14747120440006256, -0.9491835832595825, -0.004744688514620066, -0.2726285755634308, 0.687423586845398, 0.5961772203445435, -0.25553902983665466]
3611669,[0.44781360030174255, -1.114763617515564, 0.24186520278453827, 0.5507218837738037, 0.11647912114858627, -0.37671878933906555, -0.26992589235305786, -0.526567816734314, -0.2917298972606659, -1.0382566452026367]
3612533,[-1.6201370245383373E-9, 6.646552752620494E-10, 1.5149555221416477E-11, -3.776585433268309E-10, -1.3221625183579278E-10, 2.053320014017146E-10, -4.683605499961052E-12, 3.683189864212011E-10, -4.5741976872903933E-10, -1.7170964650148335E-9]
3612685,[-1.1826891688215824E-9, -6.2325630767468E-11, -4.769510897340012E-10, -1.0959489982198534E-9, -6.127250096188419E-11, -6.110001393722087E-10, -3.32323717155969E-11, 4.880393311701425E-10, -5.798145297220003E-10, -9.720647620170553E-10]
3613333,[4.2329524774231686E-8, -8.52666826034465E-9, 8.621382718843051E-9, 2.5272303361134618E-8, 4.275753529014992E-9, 8.862710565438192E-9, 8.303722154323623E-10, -1.1671176025629393E-8, 1.6493585164312208E-8, 4.0254885647073024E-8]
3613425,[-1.9899634935427457E-4, 4.888000330538489E-5, -2.5727360480232164E-5, -8.269230602309108E-5, -1.73692296812078E-5, -1.9036537196370773E-5, -1.3175764252082445E-5, 4.961822196491994E-5, -6.598960317205638E-5, -1.8279381038155407E-4]
3613929,[0.8165969252586365, 0.4579593539237976, 0.3344912528991699, 0.14151901006698608, -0.06453774869441986, 0.6510775685310364, 0.6649330854415894, -0.25099289417266846, 0.15310417115688324, -0.2583905756473541]
3613933,[0.8165969252586365, 0.4579593539237976, 0.3344912528991699, 0.14151901006698608, -0.06453774869441986, 0.6510775685310364, 0.6649330854415894, -0.25099289417266846, 0.15310417115688324, -0.2583905756473541]
3614245,[-8.633442268382585E-13, -2.1938116742063057E-13, -5.1322103034393E-13, -8.479937130094484E-13, -5.1732045974446986E-14, -6.006386252081775E-13, -1.8464845266946E-13, 3.3582923768260553E-13, -4.672225063437341E-13, -4.617518390218067E-13]
3614973,[6.774544033388841E-13, -1.1694536669343975E-13, 2.9486734776963675E-13, 7.485810474099075E-13, 6.963564924342136E-14, 1.864316128774926E-13, -1.6681197167935785E-13, -2.938649757561196E-13, 4.4405643983939924E-13, 8.802428187390521E-13]
3614981,[0.016700584441423416, 0.25257816910743713, 0.8229044675827026, -0.2540212571620941, -0.14124338328838348, -1.039642572402954, 0.35892245173454285, -0.04596257582306862, 0.62429279088974, -0.08752559870481491]
3614985,[4.6821057912893593E-4, 5.405774572864175E-4, 0.0012477359268814325, -0.0010803983313962817, 1.3067384134046733E-4, -6.76764000672847E-4, -0.00303457910194993, 0.0011959114344790578, -0.00166222860570997, 1.9026944937650114E-4]
3614989,[-4.578660367515752E-11, -9.551720836498134E-8, -5.955572746074722E-8, -6.226089510619204E-8, 1.7708797983573277E-8, -1.0243883963312328E-7, -3.956384375669586E-8, 3.14688719527112E-8, -1.567931384727217E-8, 9.036350689939354E-8]
3614993,[0.021823491901159286, 0.011289364658296108, 0.01373331155627966, 0.021299298852682114, -0.001495807315222919, 0.019674165174365044, 0.007367873098701239, -0.01177339069545269, 0.010642762295901775, 0.005198444239795208]
3614997,[0.8976069688796997, -0.5557067394256592, -0.1375398188829422, 0.1012364998459816, 0.06943809241056442, -0.34751835465431213, -0.11839450150728226, -0.20671826601028442, 0.22549426555633545, 1.1576446294784546]
3615001,[4.6822757576592267E-4, 5.405728588812053E-4, 0.0012477339478209615, -0.0010803972836583853, 1.3067103282082826E-4, -6.767624872736633E-4, -0.003034575143828988, 0.0011959085240960121, -0.0016622275579720736, 1.9027072994504124E-4]
3615013,[0.8976069688796997, -0.5557067394256592, -0.1375398188829422, 0.1012364998459816, 0.06943809241056442, -0.34751835465431213, -0.11839450150728226, -0.20671826601028442, 0.22549426555633545, 1.1576446294784546]
3615017,[0.74977046251297, -0.13614560663700104, -0.786118745803833, 0.2835007905960083, -1.83588707447052, -0.004790357779711485, -0.530064582824707, 1.3299227952957153, 1.1564120054244995, -0.49906036257743835]
3615021,[-1.5004974259630321E-12, 1.503541215142068E-12, 4.5276366748663033E-13, -2.1496200002316113E-13, -2.6503972627711647E-13, 1.0571003707798843E-12, 6.465098638733235E-13, 2.2709708191650385E-13, -4.515742434933051E-13, -2.7558300693536486E-12]
3615025,[4.838374700888437E-10, -8.178063781727474E-10, -4.490293969983128E-10, -3.6604486108871015E-10, 9.647786736177721E-11, -7.785480593547334E-10, -2.7168686744794E-10, 2.577615551557777E-11, -1.38502382306116E-12, 1.0919793957953061E-9]
3615029,[-1.1448210001513415E-12, -1.1435020682085129E-12, -1.000123378211426E-12, -1.4450751793099181E-12, 2.40253834622034E-13, -1.6038576716725927E-12, -5.511200220145729E-13, 8.901828384665078E-13, -6.361307422660112E-13, 1.7378996462411034E-13]
3615033,[5.159414140507579E-4, 5.675677675753832E-4, 0.0012648488627746701, -0.0010703488951548934, 1.2969870294909924E-4, -6.398425903171301E-4, -0.0029978810343891382, 0.0011801085202023387, -0.0016501338686794043, 1.759630540618673E-4]
3615037,[3.265760708734411E-12, -7.378860434996415E-13, 4.321416000648698E-13, 1.3740467097456133E-12, 1.777174192313033E-13, 2.984628332241418E-13, 1.6738749329756747E-13, -9.772403155791642E-13, 1.0997728335654378E-12, 2.976439624283178E-12]
3615041,[-2.0031031954664824E-12, 4.482684568592882E-13, -1.665173126339306E-13, -6.799234027361767E-13, -6.724765330094057E-14, -1.5123728549885918E-13, -1.5657485345158678E-13, 6.102533842838875E-13, -5.80822933152203E-13, -1.7304206028148639E-12]
3615045,[-3.154206930366943E-12, 8.354656484861611E-13, -4.292420639848832E-13, -1.4989014803651335E-12, -2.385024686427095E-13, -2.298246499794071E-13, -3.5233692811340598E-15, 9.059055046910236E-13, -1.1465115965988981E-12, -3.1605536330442385E-12]
3615049,[-7.440916771628281E-9, 6.272975028309702E-9, 1.8549629610120633E-9, 1.0904219194252107E-10, -1.4150847160721014E-9, 4.111650575566728E-9, 1.2000428428748933E-9, 4.1254460958484174E-10, -1.6394526847207658E-9, -1.0740661693375841E-8]
3615053,[0.010385461151599884, -0.030522890388965607, 0.008374767377972603, -0.013321596197783947, 0.04672486335039139, 7.591520552523434E-4, 0.034568868577480316, 0.0714535340666771, -0.0020713701378554106, -0.008572783321142197]
3615057,[3.8112237974938235E-13, 3.6341066332427896E-13, 2.8382873308585577E-13, 2.72702867232244E-13, -8.632067025689423E-15, 5.497862907120898E-13, 3.661646723676637E-13, -1.1914387120122438E-13, 1.0911475716024466E-13, -2.627592967426734E-13]
3615061,[0.016700584441423416, 0.25257816910743713, 0.8229044675827026, -0.2540212571620941, -0.14124338328838348, -1.039642572402954, 0.35892245173454285, -0.04596257582306862, 0.62429279088974, -0.08752559870481491]
3615069,[3.4473944966056935E-12, -1.3688781011489404E-12, 7.886213519237364E-14, 1.209478480909687E-12, 2.1676520441885755E-13, -3.4522837605126255E-13, -2.4361328926358894E-13, -1.0101779438984049E-12, 1.1231351135579382E-12, 3.895185389513056E-12]
3615073,[8.598631251466315E-10, 1.731031012974782E-10, 4.430291411505749E-10, 8.072363888445011E-10, 6.432254034960394E-11, 5.879610687209436E-10, 1.660087206589722E-10, -3.069779430653341E-10, 4.2673342637300493E-10, 5.00794461455456E-10]
3615077,[3.096681765180076E-12, -7.455344935153319E-13, 3.368026072880087E-13, 1.2421640322238248E-12, 1.8056255546728545E-13, 2.701440958950696E-13, 1.550024485933582E-13, -8.950119833629755E-13, 9.94238870920261E-13, 2.839763580536614E-12]
3615081,[-1.96259222207118E-7, 7.518102052017639E-8, -1.0869249500444766E-8, -7.462295315008305E-8, -1.7760903858743404E-8, 1.1929800258769774E-8, 8.489505987085977E-9, 5.007478520724362E-8, -6.59862777752096E-8, -2.1602797062314494E-7]
3615085,[7.077848422341049E-4, 9.512861724942923E-4, 0.0024181681219488382, -0.0022186054848134518, 2.6432922459207475E-4, -0.001533365692012012, -0.006253504194319248, 0.002471765736117959, -0.0033854537177830935, 4.5207521179690957E-4]
3615089,[0.021823491901159286, 0.011289364658296108, 0.01373331155627966, 0.021299298852682114, -0.001495807315222919, 0.019674165174365044, 0.007367873098701239, -0.01177339069545269, 0.010642762295901775, 0.005198444239795208]
3615101,[-2.3280466096564645E-12, 1.0172983332459862E-12, -8.311235001005196E-14, -9.45512873724852E-13, -1.936991284598802E-13, 2.8584299098695365E-13, 2.7077995336417804E-13, 6.627964778578577E-13, -8.208258833915238E-13, -2.7958410326461847E-12]
3615105,[1.532559053885052E-6, 3.104671009168669E-7, 6.860892085569503E-7, 1.3147947584002395E-6, 1.0675731410003664E-8, 9.438425081498281E-7, 2.6674715059016307E-7, -6.698389256598603E-7, 6.899665550008649E-7, 8.736883501114789E-7]
3615109,[5.247503820360322E-12, 8.818678209551734E-13, 2.0465697279231643E-12, 3.80546809342075E-12, -9.949359959765102E-15, 2.8687805169597125E-12, 1.065541752054422E-12, -2.184836946778068E-12, 2.159055486478101E-12, 2.913874003196426E-12]
3615113,[0.006793641485273838, 0.0117224445566535, -0.014536806382238865, -0.002752680331468582, 0.021242711693048477, -0.0065467036329209805, -0.014331345446407795, -0.002281104912981391, 0.013604317791759968, -0.00880642794072628]
3615117,[1.3442993463189112E-12, -6.215851401300543E-13, 1.2002277969234976E-13, 6.180711866789201E-13, 2.448351851119801E-13, -7.74206477464727E-14, -9.384361370672403E-14, -2.0177918580790988E-13, 5.059155676855054E-13, 1.6017858697411902E-12]
3615129,[1.1225280687615635E-12, -1.2930817441109133E-12, -3.94740717977321E-13, 6.36724873198072E-15, 2.744971134074903E-13, -9.92666344089288E-13, -4.847852262852836E-13, -3.039776275744893E-14, 3.376735739982206E-13, 2.194415222450674E-12]
3615133,[4.247546758762155E-9, -4.691270483192511E-9, -6.013395892345841E-10, 2.18726836642702E-9, 1.4991131669361835E-9, -2.6233815120235704E-9, -2.425120770865874E-9, -5.3011890016607666E-11, 2.0328003724756627E-9, 9.056432048737406E-9]
3615137,[4.114526427900778E-12, -2.6702026549065006E-13, 1.048747677243056E-12, 2.31311671206047E-12, 2.4056597642749256E-13, 1.2435985401182403E-12, 5.387777897436496E-13, -1.2702845502907123E-12, 1.5370793830446483E-12, 3.1148768460387277E-12]
3615141,[2.053570936346935E-13, 1.7111312367035225E-12, 1.053002520248758E-12, 1.1256003724577357E-12, -3.5434358897599993E-13, 1.859606435852812E-12, 7.548885019685592E-13, -6.656359491374886E-13, 3.03725252413789E-13, -1.5069897369920926E-12]
3615145,[-0.17370589077472687, -0.5459045767784119, 0.4006246328353882, -0.6786052584648132, 0.16575579345226288, 0.6764203906059265, -0.25810959935188293, -0.34451887011528015, 0.5321409106254578, -0.05711302161216736]
3615149,[2.598123938213348E-10, -2.981053459638616E-10, -1.2394936466098017E-10, -1.5709283873732716E-10, 4.468317035821734E-11, -2.996874692851037E-10, -3.5425336275540786E-11, 1.205134343013059E-11, 3.391230005145296E-11, 4.158980104751464E-10]
3615153,[-2.1831625049428816E-12, 5.376589473117532E-13, -3.460094352963211E-13, -1.161467840307684E-12, -1.2783371095611423E-13, -2.0295085599066065E-13, 5.6667425743159305E-14, 7.217468268004568E-13, -8.316104424012372E-13, -2.1986156385073174E-12]
3615157,[-5.33635809152333E-12, -1.536018382798654E-12, -2.466927920621864E-12, -4.227241386794978E-12, 1.6830344084541038E-13, -3.531788793711965E-12, -1.3429156875063852E-12, 2.477962713492987E-12, -2.299928259993922E-12, -2.362028975189112E-12]
3615161,[0.21862705051898956, 0.09197533875703812, 0.11383107304573059, 0.0253840871155262, -0.006401661317795515, 0.20712170004844666, 0.1557150036096573, -0.09214023500680923, 0.07373350858688354, -0.049374375492334366]
3615165,[-8.627935588201296E-10, 1.6511959854970115E-10, -1.3510885465972677E-10, -3.7045536083191166E-10, -3.751374211269365E-11, -9.978018411516132E-11, -5.665782426556021E-11, 2.7281502057441287E-10, -3.015437899378526E-10, -7.654260003597813E-10]
3615169,[0.021823491901159286, 0.011289364658296108, 0.01373331155627966, 0.021299298852682114, -0.001495807315222919, 0.019674165174365044, 0.007367873098701239, -0.01177339069545269, 0.010642762295901775, 0.005198444239795208]
3615173,[-5.501299165189266E-5, 7.041953358566388E-5, 2.4342605684068985E-5, 4.5439678615366574E-6, -1.462226555304369E-5, 5.558127668336965E-5, 2.6583698854665272E-5, -3.746185655018053E-7, -1.451969819754595E-5, -1.1322752106934786E-4]
3615177,[-8.68414673504958E-8, 5.878533215764037E-8, 1.112336267539149E-8, -1.6934698976456275E-8, -1.2072492339143537E-8, 3.2776053870975375E-8, 1.5255020358040383E-8, 1.5212158643862495E-8, -2.5157358862770707E-8, -1.2048634800976288E-7]
3615181,[-1.558503326393179E-10, 3.8951994407732116E-10, 2.693721079527478E-10, 2.985888480910859E-10, -3.4833032291903265E-11, 4.0726094718834815E-10, 1.0523035914866696E-10, -4.715968240920354E-11, 6.557420578756634E-11, -4.183876300967171E-10]
3615185,[-3.1993656612883115E-9, -9.187857696879576E-10, -1.3660723663377894E-9, -2.2436805746650634E-9, 1.2411485728058835E-10, -2.051905756417227E-9, -9.486327279262241E-10, 1.4293913830343286E-9, -1.2484350220276497E-9, -1.2274333771600254E-9]
3615189,[2.296218859498822E-8, -6.634400051552802E-8, -3.2664981830521356E-8, -3.19780113500201E-8, 2.1414383155615724E-8, -5.50723520120755E-8, -1.3482092775518595E-8, 2.8069937485497576E-8, -5.155996074535096E-9, 6.753046477570024E-8]
3615193,[0.8976069688796997, -0.5557067394256592, -0.1375398188829422, 0.1012364998459816, 0.06943809241056442, -0.34751835465431213, -0.11839450150728226, -0.20671826601028442, 0.22549426555633545, 1.1576446294784546]
3615197,[-0.4661030173301697, 0.13742108643054962, 0.6859946250915527, 1.1034938097000122, 0.31191498041152954, 0.3073917627334595, -0.3964443802833557, 0.2689194679260254, 0.5359251499176025, 0.2647554576396942]
3615201,[0.8976069688796997, -0.5557067394256592, -0.1375398188829422, 0.1012364998459816, 0.06943809241056442, -0.34751835465431213, -0.11839450150728226, -0.20671826601028442, 0.22549426555633545, 1.1576446294784546]
3615209,[-2.207719562719035E-9, -7.256984457804094E-10, -9.959775226775491E-10, -1.685625417024994E-9, 1.2048378961182493E-10, -1.5164186573102256E-9, -6.310736933023975E-10, 1.0668744776509698E-9, -8.869501244568312E-10, -8.202545864754995E-10]
3615213,[8.158617115228139E-10, 1.8957040104350398E-10, 2.590180292472155E-10, 4.067809977748027E-10, -5.260199914536301E-11, 4.2960496271504667E-10, 2.67915828411347E-10, -3.532962256080907E-10, 2.561399425893285E-10, 2.9730762296509283E-10]
3615217,[-9.074469886627412E-8, -2.1907172964574784E-8, -3.3724937509305164E-8, -5.808098180182242E-8, 6.601700519581755E-9, -4.975943923568593E-8, -2.2868283267030165E-8, 4.444396140002027E-8, -3.392371894506141E-8, -4.014177790168105E-8]
3615221,[3.3343519316986203E-4, -5.451233664643951E-5, 5.4436823120340705E-5, 1.4405623369384557E-4, 1.3144277545507066E-5, 4.700000863522291E-5, 3.003473102580756E-5, -1.0469277913216501E-4, 1.1321540659992024E-4, 2.8094995650462806E-4]
3615225,[0.44781360030174255, -1.114763617515564, 0.24186520278453827, 0.5507218837738037, 0.11647912114858627, -0.37671878933906555, -0.26992589235305786, -0.526567816734314, -0.2917298972606659, -1.0382566452026367]
3615229,[-7.157812120794915E-10, -1.5555964849589543E-10, -2.7191296436690493E-10, -5.025445615203239E-10, 4.047852678046304E-11, -3.9642164550990344E-10, -1.4375078905004557E-10, 3.5036049061965E-10, -2.9030575166011374E-10, -3.8142375369254466E-10]
3615233,[-7.157812120794915E-10, -1.5555964849589543E-10, -2.7191296436690493E-10, -5.025445615203239E-10, 4.047852678046304E-11, -3.9642164550990344E-10, -1.4375078905004557E-10, 3.5036049061965E-10, -2.9030575166011374E-10, -3.8142375369254466E-10]
3615241,[4.3546765482460614E-6, -2.0347282259081112E-7, 9.10191488401324E-7, 2.011989863603958E-6, 7.122582701413194E-8, 1.1898509910679422E-6, 7.219171038741479E-7, -1.4836070931778522E-6, 1.4112541748545482E-6, 2.9771456411253894E-6]
3615245,[3.3343519316986203E-4, -5.451233664643951E-5, 5.4436823120340705E-5, 1.4405623369384557E-4, 1.3144277545507066E-5, 4.700000863522291E-5, 3.003473102580756E-5, -1.0469277913216501E-4, 1.1321540659992024E-4, 2.8094995650462806E-4]
3615253,[0.00102030741982162, 0.0011222201865166426, 0.0024996334686875343, -0.0021153809502720833, 2.567927585914731E-4, -0.0012643758673220873, -0.005924916360527277, 0.0023321378976106644, -0.003260910278186202, 3.474429831840098E-4]
3615257,[2.160576622126098E-12, 6.294029425250869E-13, 1.0709740386194433E-12, 1.9593970543296813E-12, -3.0321868605374946E-14, 1.5465259281532973E-12, 4.477131556115954E-13, -1.0187729566207837E-12, 1.0030692639342864E-12, 1.063129944321728E-12]
3615261,[9.260233491659164E-4, 0.001068888115696609, 0.0024658225011080503, -0.0021351834293454885, 2.5872315745800734E-4, -0.0013373125111684203, -0.005997414235025644, 0.0023633718956261873, -0.0032847679685801268, 3.757094673346728E-4]
3615265,[-0.17370589077472687, -0.5459045767784119, 0.4006246328353882, -0.6786052584648132, 0.16575579345226288, 0.6764203906059265, -0.25810959935188293, -0.34451887011528015, 0.5321409106254578, -0.05711302161216736]
3615269,[-7.602243567816913E-4, 1.6754548414610326E-4, -1.455945457564667E-4, -4.643708816729486E-4, -4.954787436872721E-5, -1.1086179438279942E-4, 3.46926499332767E-5, 2.58455314906314E-4, -3.127413219772279E-4, -7.870351546443999E-4]
3615273,[-3.1260963869600422E-12, -1.4386614729383629E-12, -1.6731748365278465E-12, -2.563850173831206E-12, 2.30294082415039E-13, -2.571683751367848E-12, -1.1263562782123926E-12, 1.5921130516391435E-12, -1.3235157327734504E-12, -7.297870532711748E-13]
3615277,[0.44781360030174255, -1.114763617515564, 0.24186520278453827, 0.5507218837738037, 0.11647912114858627, -0.37671878933906555, -0.26992589235305786, -0.526567816734314, -0.2917298972606659, -1.0382566452026367]
3615281,[4.2329524774231686E-8, -8.52666826034465E-9, 8.621382718843051E-9, 2.5272303361134618E-8, 4.275753529014992E-9, 8.862710565438192E-9, 8.303722154323623E-10, -1.1671176025629393E-8, 1.6493585164312208E-8, 4.0254885647073024E-8]
3615285,[-6.455886381040443E-10, 6.929169044100902E-11, -1.6648651901540745E-10, -3.827763384034455E-10, -1.0707194852965785E-10, -2.5510485390789484E-10, -1.1967032920168208E-10, 9.912975995618467E-11, -2.2419083256508543E-10, -4.6272086162701953E-10]
3615289,[0.3891242742538452, -0.06840451806783676, -0.4077037572860718, 0.14747120440006256, -0.9491835832595825, -0.004744688514620066, -0.2726285755634308, 0.687423586845398, 0.5961772203445435, -0.25553902983665466]
3615297,[-0.17370589077472687, -0.5459045767784119, 0.4006246328353882, -0.6786052584648132, 0.16575579345226288, 0.6764203906059265, -0.25810959935188293, -0.34451887011528015, 0.5321409106254578, -0.05711302161216736]
3615301,[1.6543579657232743E-12, 9.907027455346995E-13, 1.1693312334040695E-12, 1.8202351518420423E-12, -1.3747740467730252E-13, 1.652528808238074E-12, 5.305949364771412E-13, -9.776820195442348E-13, 9.053420990320915E-13, 4.0652415244854523E-13]
3615305,[-4.571937097352929E-6, -1.831504846450116E-6, -4.890033324045362E-6, -1.1792780242103618E-5, -2.3747146826735843E-7, -5.689498721039854E-6, 2.853439355021692E-6, 4.071585408382816E-6, -5.263724688120419E-6, -6.991690497670788E-6]
3615309,[-3.1993656612883115E-9, -9.187857696879576E-10, -1.3660723663377894E-9, -2.2436805746650634E-9, 1.2411485728058835E-10, -2.051905756417227E-9, -9.486327279262241E-10, 1.4293913830343286E-9, -1.2484350220276497E-9, -1.2274333771600254E-9]
3615313,[0.006030302494764328, 0.010683565400540829, -0.01676739938557148, -5.68177318200469E-4, 0.0207894966006279, -0.004996030125766993, -0.008100109174847603, -0.004672391805797815, 0.016787562519311905, -0.009166096337139606]
3615317,[4.3671238500464504E-12, -1.528676057266365E-12, 3.3145651479569993E-13, 1.6910527882510462E-12, 4.2177616650998506E-13, -6.975430161867274E-14, -3.237713984177888E-14, -1.0558586340317366E-12, 1.4517675256398022E-12, 4.559297384076899E-12]
3615325,[1.0617281498426223E-9, 3.987233043734051E-10, 4.937105724245328E-10, 7.60665475052491E-10, -7.954686215283502E-11, 7.510658206477672E-10, 3.5769448514244573E-10, -5.254987556213564E-10, 4.177520274151192E-10, 3.0886584956313357E-10]
3615329,[-1.6518377776719717E-9, 5.719034690265801E-10, -8.500659204324634E-11, -5.703632011133664E-10, -1.4242679258202884E-10, 3.644937476843246E-11, -2.221347238096083E-11, 3.992701447241842E-10, -5.001047354014077E-10, -1.6564434268673267E-9]
3615333,[1.1526524179572561E-9, 3.7988792667142945E-10, 6.083736292517017E-10, 1.0809436679082296E-9, -2.7912860824791386E-12, 8.861122391401466E-10, 2.808155930011935E-10, -5.241381773046783E-10, 5.346572629072455E-10, 4.962592559110135E-10]
3615337,[-3.133217860509796E-12, 2.531793134516458E-12, 7.167602557485442E-13, -2.600987730316112E-13, -4.3418881771201123E-13, 1.7098823442210365E-12, 7.511258867491655E-13, 4.971476247166151E-13, -8.177671322225077E-13, -4.750872004827267E-12]
3615341,[0.3891242742538452, -0.06840451806783676, -0.4077037572860718, 0.14747120440006256, -0.9491835832595825, -0.004744688514620066, -0.2726285755634308, 0.687423586845398, 0.5961772203445435, -0.25553902983665466]
3615345,[-9.7981101010447E-10, 9.279731982836381E-10, 1.2881695710120766E-10, -4.116699481304664E-10, -2.686759703607322E-10, 5.151912230161315E-10, 4.1479805701349903E-10, 6.8587857615654E-11, -3.9211739411015856E-10, -1.7890341430515377E-9]
3615353,[2.1015724716022532E-9, -3.2675939731774406E-10, 4.326828617617906E-10, 1.1736392968586529E-9, 1.4132504888575426E-10, 4.450898816177329E-10, 1.1177497122316638E-10, -6.534446317374432E-10, 7.866621798413576E-10, 1.858763698514565E-9]
3615357,[-3.537558050312195E-12, 2.015586048759177E-13, -7.482751939770493E-13, -1.6433613367686228E-12, -4.784021418488375E-14, -8.761070211318889E-13, -5.186231218784476E-13, 1.2302178590065105E-12, -1.207913760334356E-12, -2.5732254868571225E-12]
3615373,[1.5828500619582964E-12, -1.0264946444932255E-12, -2.677061588900187E-13, -2.5100245910599298E-14, 1.8193084571401646E-13, -6.872639935449898E-13, -7.910763244554225E-14, -2.171514243377512E-13, 3.554339711008686E-13, 1.9549082404951568E-12]
3615377,[1.987741526932041E-9, -6.246687889177593E-11, 4.94976115650303E-10, 1.137264837858254E-9, 3.316064783875916E-11, 6.168414112828202E-10, 2.3162435858203878E-10, -7.436331550536579E-10, 7.26648907711791E-10, 1.4671138748312273E-9]
3615385,[-0.0010656092781573534, -1.1640879529295489E-4, -2.9638013802468777E-4, -5.84178778808564E-4, 3.594136069295928E-5, -4.4496977352537215E-4, -2.260953770019114E-4, 4.511583538260311E-4, -3.5749920061789453E-4, -5.963028525002301E-4]
3615393,[-0.17370589077472687, -0.5459045767784119, 0.4006246328353882, -0.6786052584648132, 0.16575579345226288, 0.6764203906059265, -0.25810959935188293, -0.34451887011528015, 0.5321409106254578, -0.05711302161216736]
3615405,[0.3891242742538452, -0.06840451806783676, -0.4077037572860718, 0.14747120440006256, -0.9491835832595825, -0.004744688514620066, -0.2726285755634308, 0.687423586845398, 0.5961772203445435, -0.25553902983665466]
3615409,[-7.950952607416184E-8, 8.479914548331635E-9, -1.983034714214682E-8, -4.988336144151617E-8, -4.630432925978312E-9, -2.1662513560727348E-8, -3.8118335154990746E-9, 2.683631805666664E-8, -3.225552802632592E-8, -6.983169953400648E-8]
3615417,[-1.0652822766132886E-6, 3.33683345843383E-7, -1.2563211271299224E-7, -5.451975084724836E-7, -7.82901352636145E-8, -2.9962791359139374E-8, 7.759195597145663E-8, 3.351618147462432E-7, -4.0660845002093993E-7, -1.182900859930669E-6]
3615421,[-8.037095294843866E-13, -6.213540966470976E-13, -6.814555972463332E-13, -1.0551635520189562E-12, 1.1257653338182794E-13, -9.485037538378704E-13, -2.444787536477755E-13, 5.83083386261618E-13, -5.111756829455361E-13, -1.534393407687587E-13]
3615425,[-2.7271811632090248E-5, -2.2256965337419388E-7, -7.2010875555861276E-6, -1.5094602531462442E-5, 2.1421818985345453E-8, -8.972072464530356E-6, -3.9495221244578715E-6, 1.0591804311843589E-5, -1.0055890925286803E-5, -1.896231151476968E-5]
3615429,[-4.719284518728273E-8, 4.582402723940504E-8, 1.5291215405000003E-8, 4.261201613786625E-9, -9.233345643622215E-9, 3.4048515118456635E-8, 1.1380969944241315E-8, 2.0694626012840445E-9, -1.0389738847038643E-8, -7.591942363660564E-8]
3615441,[0.21862705051898956, 0.09197533875703812, 0.11383107304573059, 0.0253840871155262, -0.006401661317795515, 0.20712170004844666, 0.1557150036096573, -0.09214023500680923, 0.07373350858688354, -0.049374375492334366]
3615445,[1.0158473454785488E-12, -8.698996384337576E-13, -2.4873099456826364E-13, 1.451118413799135E-13, 1.7380708146590845E-13, -5.312513124723639E-13, -2.8626260433275985E-13, -1.3659128624173011E-13, 2.5861246737840515E-13, 1.5854493282466131E-12]
3615453,[0.0015130124520510435, 0.001947755110450089, 0.004823481664061546, -0.004363825544714928, 5.194885306991637E-4, -0.0029418650083243847, -0.012275436893105507, 0.0048497626557946205, -0.006666164845228195, 8.561639697290957E-4]
3615461,[0.44781360030174255, -1.114763617515564, 0.24186520278453827, 0.5507218837738037, 0.11647912114858627, -0.37671878933906555, -0.26992589235305786, -0.526567816734314, -0.2917298972606659, -1.0382566452026367]
3615465,[2.9525969343080494E-12, -2.279506336293202E-13, 5.387562141204172E-13, 1.2353685782673374E-12, 6.104149710651693E-14, 6.944565907572586E-13, 4.736612035753651E-13, -9.634099074062874E-13, 9.34494235466099E-13, 2.109369970360042E-12]
3615477,[0.8165969252586365, 0.4579593539237976, 0.3344912528991699, 0.14151901006698608, -0.06453774869441986, 0.6510775685310364, 0.6649330854415894, -0.25099289417266846, 0.15310417115688324, -0.2583905756473541]
3615485,[-0.021755607798695564, 0.0018989902455359697, -0.004541895817965269, -0.01144774816930294, -4.675589152611792E-4, -0.005381884053349495, -0.0019383331527933478, 0.00785051379352808, -0.007813608273863792, -0.017450643703341484]
3615497,[-9.55588039253108E-13, -1.6634960553138511E-12, -1.4050739738369344E-12, -1.845218422502626E-12, 1.6134264605761894E-13, -2.2726614427176495E-12, -8.416542744867084E-13, 7.529487016516567E-13, -6.912937561796839E-13, 8.836784927933328E-13]
3615501,[0.1427176296710968, 0.07972955703735352, 0.0644296333193779, 0.021551795303821564, -0.010050926357507706, 0.10930034518241882, 0.09744039922952652, -0.03859848529100418, 0.019862661138176918, -0.040664128959178925]
3615505,[4.7117577196331695E-5, -2.5391716917511076E-5, -6.4831106101337355E-6, -2.419626298433286E-6, 5.45216198588605E-6, -1.4281908988778014E-5, 3.929777449229732E-6, -4.9136347115563694E-6, 8.422583960054908E-6, 4.784621705766767E-5]
3615509,[0.8976069688796997, -0.5557067394256592, -0.1375398188829422, 0.1012364998459816, 0.06943809241056442, -0.34751835465431213, -0.11839450150728226, -0.20671826601028442, 0.22549426555633545, 1.1576446294784546]
3615513,[-1.5747265933896415E-5, -3.4598695037857397E-6, -7.050641215755604E-6, -1.2672905540966894E-5, -1.541177283570505E-7, -9.769275493454188E-6, -3.557724085112568E-6, 6.499339633592172E-6, -6.791593477828428E-6, -7.93177150626434E-6]
3615525,[2.764130938026632E-12, 1.149974213077165E-12, 1.5299966155124523E-12, 2.6038234068881394E-12, -1.8660055868102016E-13, 2.229652226737322E-12, 7.039080147756838E-13, -1.5120601168719383E-12, 1.3122583531963161E-12, 1.0268904867064E-12]
3615529,[4.401290529948421E-12, 5.1301912479435885E-14, 1.2562896686482694E-12, 2.579912845857013E-12, 1.0651795743187031E-13, 1.5883539058667018E-12, 6.819215873400675E-13, -1.5743326781114675E-12, 1.668949917502105E-12, 3.0436488832746855E-12]
3615533,[6.670784936805077E-14, -8.429160147649384E-13, -4.491939589387761E-13, -2.4400544518937695E-13, 1.1208770727983569E-13, -8.610485371582377E-13, -5.356444454651665E-13, 9.619979509170595E-14, -1.2898679554193635E-14, 1.0458258608084248E-12]
3615537,[0.016700584441423416, 0.25257816910743713, 0.8229044675827026, -0.2540212571620941, -0.14124338328838348, -1.039642572402954, 0.35892245173454285, -0.04596257582306862, 0.62429279088974, -0.08752559870481491]
3615541,[0.011639798060059547, 0.020652299746870995, -0.032435376197099686, -0.0011052917689085007, 0.04020638391375542, -0.009681087918579578, -0.015683772042393684, -0.009030703455209732, 0.032461654394865036, -0.01772323064506054]
3615545,[0.3891242742538452, -0.06840451806783676, -0.4077037572860718, 0.14747120440006256, -0.9491835832595825, -0.004744688514620066, -0.2726285755634308, 0.687423586845398, 0.5961772203445435, -0.25553902983665466]
3615549,[4.7117577196331695E-5, -2.5391716917511076E-5, -6.4831106101337355E-6, -2.419626298433286E-6, 5.45216198588605E-6, -1.4281908988778014E-5, 3.929777449229732E-6, -4.9136347115563694E-6, 8.422583960054908E-6, 4.784621705766767E-5]
3615553,[-0.02007458545267582, 0.002439771080389619, -0.005442224442958832, -0.013415927067399025, -0.0016614284832030535, -0.005634562578052282, -8.134443196468055E-4, 0.006294819992035627, -0.008450785651803017, -0.017909161746501923]
3615557,[0.8976069688796997, -0.5557067394256592, -0.1375398188829422, 0.1012364998459816, 0.06943809241056442, -0.34751835465431213, -0.11839450150728226, -0.20671826601028442, 0.22549426555633545, 1.1576446294784546]
3615561,[-6.455886381040443E-10, 6.929169044100902E-11, -1.6648651901540745E-10, -3.827763384034455E-10, -1.0707194852965785E-10, -2.5510485390789484E-10, -1.1967032920168208E-10, 9.912975995618467E-11, -2.2419083256508543E-10, -4.6272086162701953E-10]
3615565,[8.641024760436267E-5, -4.587934017763473E-5, -1.1334424016240519E-5, -3.0697271995450137E-6, 9.499398402113002E-6, -2.558077721914742E-5, 5.381032224249793E-6, -1.0755769835668616E-5, 1.7282533008255996E-5, 9.185169619740918E-5]
3615569,[-4.4668727050556356E-10, -7.782331445937984E-10, -5.941880876214611E-10, -6.460277313102836E-10, 8.658751493584305E-11, -1.0041931730597753E-9, -5.022395277443081E-10, 3.0363131453547965E-10, -2.5086865917955947E-10, 5.308375405910226E-10]
3615573,[0.3891242742538452, -0.06840451806783676, -0.4077037572860718, 0.14747120440006256, -0.9491835832595825, -0.004744688514620066, -0.2726285755634308, 0.687423586845398, 0.5961772203445435, -0.25553902983665466]
3615593,[-4.471547698087219E-12, -2.5063165518673935E-13, -1.4972779960320537E-12, -2.9133960868787945E-12, -1.0924583720289816E-13, -1.858827328171664E-12, -7.354862162009534E-13, 1.654661000230484E-12, -1.8023749810344714E-12, -2.949605620514162E-12]
3615601,[-0.02007458545267582, 0.002439771080389619, -0.005442224442958832, -0.013415927067399025, -0.0016614284832030535, -0.005634562578052282, -8.134443196468055E-4, 0.006294819992035627, -0.008450785651803017, -0.017909161746501923]
3615605,[2.3550445447939605E-12, 6.482591961265416E-16, 5.667722693079857E-13, 1.1076496707687622E-12, 7.348270348326094E-14, 8.050590901385879E-13, 5.245350594845766E-13, -7.325949200574777E-13, 7.535725515817049E-13, 1.4167627574585007E-12]
3615609,[0.006030302494764328, 0.010683565400540829, -0.01676739938557148, -5.68177318200469E-4, 0.0207894966006279, -0.004996030125766993, -0.008100109174847603, -0.004672391805797815, 0.016787562519311905, -0.009166096337139606]
3615613,[3.3343519316986203E-4, -5.451233664643951E-5, 5.4436823120340705E-5, 1.4405623369384557E-4, 1.3144277545507066E-5, 4.700000863522291E-5, 3.003473102580756E-5, -1.0469277913216501E-4, 1.1321540659992024E-4, 2.8094995650462806E-4]
3615617,[-1.571703251102008E-6, 6.63389471355913E-7, 2.93672659523736E-8, -3.937586541269411E-7, -1.3128965292708017E-7, 1.9393972650050273E-7, 2.825901290748334E-8, 3.7046211787128414E-7, -4.402472768560983E-7, -1.702930035207828E-6]
3615633,[2.917453530244529E-4, 4.444809746928513E-4, 0.0011860353406518698, -0.001111600431613624, 1.3506467803381383E-4, -8.094086078926921E-4, -0.0031714029610157013, 0.001251550274901092, -0.0017035723431035876, 2.417907671770081E-4]
3615637,[-4.159687785193489E-12, 2.3671039087180823E-12, 4.033703980641651E-13, -6.381816733055934E-13, -4.688161751170705E-13, 1.213725842920399E-12, 3.033693359456163E-13, 7.517997183993652E-13, -1.107062466872144E-12, -5.0684708166603976E-12]
3615641,[-7.602243567816913E-4, 1.6754548414610326E-4, -1.455945457564667E-4, -4.643708816729486E-4, -4.954787436872721E-5, -1.1086179438279942E-4, 3.46926499332767E-5, 2.58455314906314E-4, -3.127413219772279E-4, -7.870351546443999E-4]
3615645,[0.74977046251297, -0.13614560663700104, -0.786118745803833, 0.2835007905960083, -1.83588707447052, -0.004790357779711485, -0.530064582824707, 1.3299227952957153, 1.1564120054244995, -0.49906036257743835]
3615649,[-5.465950816869736E-4, 0.0013667106395587325, 8.867498254403472E-4, 9.050634689629078E-4, -1.2912251986563206E-4, 0.0014027911238372326, 4.707146727014333E-4, -1.165109861176461E-4, 1.3224862050265074E-4, -0.001647620229050517]
3615657,[-0.4661030173301697, 0.13742108643054962, 0.6859946250915527, 1.1034938097000122, 0.31191498041152954, 0.3073917627334595, -0.3964443802833557, 0.2689194679260254, 0.5359251499176025, 0.2647554576396942]
3615665,[3.3343519316986203E-4, -5.451233664643951E-5, 5.4436823120340705E-5, 1.4405623369384557E-4, 1.3144277545507066E-5, 4.700000863522291E-5, 3.003473102580756E-5, -1.0469277913216501E-4, 1.1321540659992024E-4, 2.8094995650462806E-4]
3615673,[4.7844505752436817E-4, -2.5361814186908305E-4, -6.342111737467349E-5, -1.7064399798982777E-5, 5.061010233475827E-5, -1.4298077439889312E-4, 2.8979964554309845E-5, -6.086498251534067E-5, 9.568498353473842E-5, 5.078880931250751E-4]
3615677,[0.44781360030174255, -1.114763617515564, 0.24186520278453827, 0.5507218837738037, 0.11647912114858627, -0.37671878933906555, -0.26992589235305786, -0.526567816734314, -0.2917298972606659, -1.0382566452026367]
3615681,[2.4833175515937E-9, -9.585027216374442E-11, 5.396682545288911E-10, 1.2166416762937615E-9, 6.209201902640515E-11, 7.546436253669242E-10, 4.085615179505453E-10, -8.28639545868981E-10, 8.164292020218511E-10, 1.7005847841033983E-9]
3615689,[0.1427176296710968, 0.07972955703735352, 0.0644296333193779, 0.021551795303821564, -0.010050926357507706, 0.10930034518241882, 0.09744039922952652, -0.03859848529100418, 0.019862661138176918, -0.040664128959178925]
3615693,[0.002315375255420804, -9.427835466340184E-4, -3.6614033160731196E-4, 1.2091436474293005E-6, -2.6851794245885685E-6, -4.599984094966203E-4, 1.252457732334733E-4, -6.571058183908463E-4, 3.4817992127500474E-4, 0.002187180332839489]
3615701,[0.021823491901159286, 0.011289364658296108, 0.01373331155627966, 0.021299298852682114, -0.001495807315222919, 0.019674165174365044, 0.007367873098701239, -0.01177339069545269, 0.010642762295901775, 0.005198444239795208]
3615705,[-0.17370589077472687, -0.5459045767784119, 0.4006246328353882, -0.6786052584648132, 0.16575579345226288, 0.6764203906059265, -0.25810959935188293, -0.34451887011528015, 0.5321409106254578, -0.05711302161216736]
3615709,[-8.253168114202847E-13, 3.322971780551909E-13, -9.891885894381877E-14, -2.9372199659462306E-13, -1.46376576766645E-13, 3.8995584241080863E-14, -3.639633150529127E-14, 9.80880754766246E-14, -2.9784798217212527E-13, -8.655194616569162E-13]
3615717,[2.725115466617467E-9, -2.9931326306353867E-9, -3.856471531005212E-10, 1.3952677901940547E-9, 9.45232558891007E-10, -1.684336892182614E-9, -1.5463936797743827E-9, -4.194159256010188E-11, 1.301373564466246E-9, 5.783357792665811E-9]
3615725,[7.031941218552107E-13, -5.388956967299074E-13, -2.405361608677492E-13, -2.903247846124113E-13, 1.1606000719938808E-13, -4.004792374459609E-13, 8.966278105182121E-14, 3.329935882156326E-14, 2.9823203368667395E-14, 7.341373602781642E-13]
3615729,[1.4284743388159882E-9, -4.1121980820513215E-10, 1.2759386602834155E-10, 4.938192632586436E-10, 1.0536305161679138E-10, 2.113127728353703E-11, 7.03080094144326E-11, -3.6793104674082144E-10, 4.567768663310545E-10, 1.370452751281448E-9]
3615737,[0.006793641485273838, 0.0117224445566535, -0.014536806382238865, -0.002752680331468582, 0.021242711693048477, -0.0065467036329209805, -0.014331345446407795, -0.002281104912981391, 0.013604317791759968, -0.00880642794072628]
3615741,[-4.642623174788696E-9, 6.877109437475326E-10, -7.362184750725476E-10, -1.98447147603531E-9, -1.6958284776436017E-10, -7.883779185036133E-10, -4.811132603421697E-10, 1.4664175429501825E-9, -1.5185881441226456E-9, -3.773050316624449E-9]
3615745,[4.2329524774231686E-8, -8.52666826034465E-9, 8.621382718843051E-9, 2.5272303361134618E-8, 4.275753529014992E-9, 8.862710565438192E-9, 8.303722154323623E-10, -1.1671176025629393E-8, 1.6493585164312208E-8, 4.0254885647073024E-8]
3615753,[2.84745751283344E-12, 7.84918679531954E-13, 1.393674780615639E-12, 2.340792924077073E-12, 1.9735539445758137E-15, 1.907031607281673E-12, 7.254391857190734E-13, -1.2097744681027756E-12, 1.292275097694584E-12, 1.3226988948566998E-12]
3615761,[9.119769826468338E-13, 1.4018778542526644E-12, 1.198899052951008E-12, 1.7134000381696657E-12, -2.050696445337133E-13, 1.919443553752287E-12, 5.856804841455898E-13, -8.180861587117616E-13, 6.66213883105532E-13, -5.150597830183568E-13]
3615765,[1.1681617895220597E-9, -5.91074744704656E-10, 5.938924265563861E-12, 4.1890702018321235E-10, 1.287006889949538E-10, -2.2732503379696567E-10, -1.5592102609041092E-10, -2.8446972555329353E-10, 4.090806027257088E-10, 1.485187861582915E-9]
3615769,[1.8408248016188455E-12, 4.415016258401544E-13, 8.551392016373227E-13, 1.4107352439007848E-12, -8.426714899055932E-15, 1.111741232927288E-12, 4.553665929572792E-13, -7.795499272142403E-13, 8.215445468015559E-13, 9.001276828936311E-13]
