17720,[0.3891242742538452, -0.06840451806783676, -0.4077037572860718, 0.14747120440006256, -0.9491835832595825, -0.004744688514620066, -0.2726285755634308, 0.687423586845398, 0.5961772203445435, -0.25553902983665466]
282820,[-6.497352733276784E-4, 8.864313713274896E-5, -1.3218290405347943E-4, -3.37052479153499E-4, -3.3822212571976706E-5, -1.3646570732817054E-4, -5.238596713752486E-5, 2.066373563138768E-4, -2.3581901041325182E-4, -5.446726572699845E-4]
284504,[-6.497352733276784E-4, 8.864313713274896E-5, -1.3218290405347943E-4, -3.37052479153499E-4, -3.3822212571976706E-5, -1.3646570732817054E-4, -5.238596713752486E-5, 2.066373563138768E-4, -2.3581901041325182E-4, -5.446726572699845E-4]
345456,[0.2259272187948227, 0.09523056447505951, 0.11686696112155914, 0.027858145534992218, -0.006806262768805027, 0.21278828382492065, 0.16036364436149597, -0.09477945417165756, 0.07556462287902832, -0.05013854801654816]
403496,[0.2831076383590698, -1.4054803848266602, 0.15135759115219116, -1.345905065536499, -1.436846137046814, 1.5487245321273804, -1.1438751220703125, 0.5356334447860718, 2.400057315826416, -0.6180204749107361]
405140,[0.00102030741982162, 0.0011222201865166426, 0.0024996334686875343, -0.0021153809502720833, 2.567927585914731E-4, -0.0012643758673220873, -0.005924916360527277, 0.0023321378976106644, -0.003260910278186202, 3.474429831840098E-4]
426396,[5.835708579979837E-4, 3.436303086346015E-5, 1.850056287366897E-4, 3.770798211917281E-4, 6.589469649043167E-6, 2.415463823126629E-4, 9.029112698044628E-5, -2.272147685289383E-4, 2.2850860841572285E-4, 3.878488496411592E-4]
677892,[4.7844505752436817E-4, -2.5361814186908305E-4, -6.342111737467349E-5, -1.7064399798982777E-5, 5.061010233475827E-5, -1.4298077439889312E-4, 2.8979964554309845E-5, -6.086498251534067E-5, 9.568498353473842E-5, 5.078880931250751E-4]
695964,[5.230036331340671E-4, -1.0353572724852711E-4, 1.1465503484942019E-4, 3.212373412679881E-4, 4.7267672925954685E-5, 9.487946226727217E-5, 1.6492138001922285E-6, -1.5900962171144783E-4, 2.1171699336264282E-4, 5.092215142212808E-4]
775520,[0.0021540026646107435, -8.792923181317747E-4, -3.4246177528984845E-4, -7.103939196895226E-7, -5.9693561524909455E-6, -4.3332844506949186E-4, 1.1509827163536102E-4, -6.098846206441522E-4, 3.2447962439619005E-4, 0.00203235843218863]
823500,[-3.716649384088999E-13, 1.564460583650118E-12, 9.449036605241323E-13, 1.0250605702796789E-12, -2.4269684027224125E-13, 1.6509527035399318E-12, 5.199828740330703E-13, -3.579346020965435E-13, 1.890037470064429E-13, -1.6326632970922739E-12]
905520,[0.021823491901159286, 0.011289364658296108, 0.01373331155627966, 0.021299298852682114, -0.001495807315222919, 0.019674165174365044, 0.007367873098701239, -0.01177339069545269, 0.010642762295901775, 0.005198444239795208]
906332,[-0.07360351830720901, -0.006578240543603897, -0.030857866629958153, -0.06558112800121307, -0.0016040364280343056, -0.03685928136110306, -0.00397699186578393, 0.03272906690835953, -0.036392830312252045, -0.057324476540088654]
919404,[6.1313896668191425E-12, -1.518329190673684E-12, 9.085649984100219E-13, 3.03512900576286E-12, 4.61301786700008E-13, 6.259598416859247E-13, 4.7002762874328793E-14, -1.7903028235247143E-12, 2.235340818695919E-12, 6.008605071827766E-12]
932420,[1.89894093830488E-13, 1.0260825392474637E-12, 8.411272438106632E-13, 1.1959602145422688E-12, -1.1240730975149368E-13, 1.3285330951670615E-12, 2.9016752108729227E-13, -4.2186639923579017E-13, 3.8866064771929387E-13, -6.349711880425379E-13]
970888,[7.149738700390484E-13, 1.4719767288742802E-12, 1.2282192407217507E-12, 1.5327772688242258E-12, -1.4065938897574876E-13, 1.938221068017998E-12, 7.448955189649775E-13, -6.057186002772497E-13, 5.78281996940766E-13, -8.792508821714451E-13]
1259912,[0.74977046251297, -0.13614560663700104, -0.786118745803833, 0.2835007905960083, -1.83588707447052, -0.004790357779711485, -0.530064582824707, 1.3299227952957153, 1.1564120054244995, -0.49906036257743835]
1374164,[0.00102030741982162, 0.0011222201865166426, 0.0024996334686875343, -0.0021153809502720833, 2.567927585914731E-4, -0.0012643758673220873, -0.005924916360527277, 0.0023321378976106644, -0.003260910278186202, 3.474429831840098E-4]
1408552,[-0.07360351830720901, -0.006578240543603897, -0.030857866629958153, -0.06558112800121307, -0.0016040364280343056, -0.03685928136110306, -0.00397699186578393, 0.03272906690835953, -0.036392830312252045, -0.057324476540088654]
1481116,[0.3891242742538452, -0.06840451806783676, -0.4077037572860718, 0.14747120440006256, -0.9491835832595825, -0.004744688514620066, -0.2726285755634308, 0.687423586845398, 0.5961772203445435, -0.25553902983665466]
1499488,[0.74977046251297, -0.13614560663700104, -0.786118745803833, 0.2835007905960083, -1.83588707447052, -0.004790357779711485, -0.530064582824707, 1.3299227952957153, 1.1564120054244995, -0.49906036257743835]
1527404,[3.170121232187739E-8, -5.609853559462863E-8, -3.079856369936351E-8, -3.069414589162989E-8, 9.706161208100639E-9, -5.250881329743606E-8, -1.2759188372513108E-8, 8.733717749009884E-9, -2.481875593929317E-9, 6.763630722161906E-8]
1722812,[-3.4167951525887474E-5, 5.8071364037459716E-5, 2.2946487661101855E-5, 8.413303476118017E-6, -1.2636468454729766E-5, 4.7656940296292305E-5, 2.3924605557112955E-5, -5.0503558668424375E-6, -7.939786883071065E-6, -8.601354056736454E-5]
1725772,[0.2220965474843979, -0.07053671032190323, 0.01585841178894043, 0.08757051825523376, 0.012833908200263977, -0.001432486460544169, -0.0045916251838207245, -0.06666316837072372, 0.07314411550760269, 0.22918589413166046]
1823112,[0.3891242742538452, -0.06840451806783676, -0.4077037572860718, 0.14747120440006256, -0.9491835832595825, -0.004744688514620066, -0.2726285755634308, 0.687423586845398, 0.5961772203445435, -0.25553902983665466]
1895576,[1.847751498222351, 1.0043367147445679, 0.7814902663230896, 0.31546449661254883, -0.13150830566883087, 1.4959160089492798, 1.462456464767456, -0.5844267010688782, 0.3626624345779419, -0.5616440176963806]
1906672,[-1.9899634935427457E-4, 4.888000330538489E-5, -2.5727360480232164E-5, -8.269230602309108E-5, -1.73692296812078E-5, -1.9036537196370773E-5, -1.3175764252082445E-5, 4.961822196491994E-5, -6.598960317205638E-5, -1.827938249334693E-4]
1938336,[0.3891242742538452, -0.06840451806783676, -0.4077037572860718, 0.14747120440006256, -0.9491835832595825, -0.004744688514620066, -0.2726285755634308, 0.687423586845398, 0.5961772203445435, -0.25553902983665466]
1939052,[0.3891242742538452, -0.06840451806783676, -0.4077037572860718, 0.14747120440006256, -0.9491835832595825, -0.004744688514620066, -0.2726285755634308, 0.687423586845398, 0.5961772203445435, -0.25553902983665466]
1947304,[2.917453530244529E-4, 4.444809746928513E-4, 0.0011860353406518698, -0.001111600431613624, 1.3506467803381383E-4, -8.094086078926921E-4, -0.0031714029610157013, 0.001251550274901092, -0.0017035723431035876, 2.417907671770081E-4]
2019984,[0.09786265343427658, 0.023465733975172043, 0.04165126755833626, 0.07243341952562332, -0.002848875243216753, 0.05811953544616699, 0.023169441148638725, -0.04418414831161499, 0.04094448685646057, 0.04742065444588661]
2197052,[0.0016055259620770812, 0.001973826205357909, 0.004741498734802008, -0.0042152986861765385, 5.125805037096143E-4, -0.0027719081845134497, -0.011875265277922153, 0.004684658255428076, -0.006467254366725683, 7.938683847896755E-4]
2218396,[-7.326921331696212E-4, 9.828592010308057E-5, -1.4949881006032228E-4, -3.817566903308034E-4, -3.867007399094291E-5, -1.565165293868631E-4, -5.979793786536902E-5, 2.3396071628667414E-4, -2.649411908350885E-4, -6.130073452368379E-4]
2316636,[-8.378220534878411E-13, -3.926638474007621E-13, -5.977653810308736E-13, -1.1803093225015715E-12, 1.7228426530454394E-14, -8.68793806427931E-13, -6.881940086160207E-14, 5.132713915348419E-13, -5.254425909130556E-13, -4.644821311426683E-13]
2364700,[4.9552384764894875E-12, -9.668962679121318E-13, 5.754857853278172E-13, 1.8919223826463494E-12, 1.5285972628734795E-13, 5.259484796467373E-13, 3.868310565532246E-13, -1.5773657336889957E-12, 1.5457536509458358E-12, 4.2511163859948464E-12]
2472292,[3.4240403481294868E-12, -9.160452344586512E-13, 3.2776670375218864E-13, 1.318106973395572E-12, 1.8047053380789574E-13, 1.425594261779753E-13, 1.023003499945295E-13, -1.0189980369917917E-12, 1.1037953320455762E-12, 3.247229308361854E-12]
2675604,[0.015533882193267345, 0.25527140498161316, 0.8326126933097839, -0.2592996656894684, -0.14326414465904236, -1.052152395248413, 0.36288994550704956, -0.04744469001889229, 0.6314983367919922, -0.08987477421760559]
2802768,[0.016700584441423416, 0.25257816910743713, 0.8229044675827026, -0.2540212571620941, -0.14124338328838348, -1.039642572402954, 0.35892245173454285, -0.04596257582306862, 0.62429279088974, -0.08752559870481491]
2813540,[6.825170544288994E-7, -2.0463409100557328E-7, 9.78469785195557E-8, 2.7652532708088984E-7, 9.792332633651313E-8, 4.0479246621316634E-8, 5.676788461528304E-8, -1.1257038323719826E-7, 2.336359443688707E-7, 6.414714448510495E-7]
3111460,[0.0021540026646107435, -8.792923181317747E-4, -3.4246177528984845E-4, -7.103939196895226E-7, -5.9693561524909455E-6, -4.3332844506949186E-4, 1.1509827163536102E-4, -6.098846206441522E-4, 3.2447962439619005E-4, 0.00203235843218863]
3133508,[0.0021540026646107435, -8.792923181317747E-4, -3.4246177528984845E-4, -7.103939196895226E-7, -5.9693561524909455E-6, -4.3332844506949186E-4, 1.1509827163536102E-4, -6.098846206441522E-4, 3.2447962439619005E-4, 0.00203235843218863]
3222016,[3.4399475455637596E-12, -1.0808183775051772E-13, 8.863417270098262E-13, 1.961694045052309E-12, 7.247442256790373E-14, 1.0580039448704337E-12, 4.204020215715226E-13, -1.2533963667307746E-12, 1.2842205597551892E-12, 2.538733329462972E-12]
3252348,[0.016700584441423416, 0.25257816910743713, 0.8229044675827026, -0.2540212571620941, -0.14124338328838348, -1.039642572402954, 0.35892245173454285, -0.04596257582306862, 0.62429279088974, -0.08752559870481491]
3335744,[8.840775990393013E-6, -2.3359209080808796E-5, -1.0776474482554477E-5, -5.4928436838963535E-6, 4.561462446872611E-6, -2.1024728994234465E-5, -1.1044992788811214E-5, 3.100413323409157E-6, 1.3277240213938057E-6, 3.155434751533903E-5]
3439208,[-1.5572015898968061E-9, 8.286283881275835E-10, -1.458335709136893E-11, -4.951113963258535E-10, -2.726796011209842E-10, 2.725352166166317E-10, 1.01062012924924E-10, 1.9801871253832815E-10, -5.161229776895482E-10, -1.895921641903442E-9]
3446236,[1.898918213782963E-7, -5.2319460763783354E-8, 2.293790402063678E-8, 8.978491194966409E-8, 1.2762368939434054E-8, 1.2021602380229979E-8, -3.1511357967417553E-9, -5.7497512528925654E-8, 6.798081386705235E-8, 1.932754400968406E-7]
3449624,[-2.7588663797928348E-8, -8.592275335672639E-9, -1.4070823617373662E-8, -2.1950716799779002E-8, -1.6470396158041467E-9, -2.129876008893916E-8, -1.0350708734563341E-8, 8.625392844407997E-9, -1.1277391465114306E-8, -8.268317586157536E-9]
3476012,[5.028387151106983E-10, 3.554310457065668E-10, 4.106539275294807E-10, 6.440522559714168E-10, -6.932229790201916E-11, 5.442479245054699E-10, 1.3894989325802243E-10, -3.6046207685380693E-10, 3.1277783141270277E-10, 1.1447287562305064E-10]
3486248,[3.380425661614339E-10, -6.80733081015461E-10, -2.6709615075226623E-10, -2.3169752227936158E-10, 1.9946615192889539E-10, -5.810278924656131E-10, -1.6693986470972533E-10, 2.0013100898719216E-10, 3.8396397172846264E-11, 8.285042096822792E-10]
3489872,[0.09786265343427658, 0.023465733975172043, 0.04165126755833626, 0.07243341952562332, -0.002848875243216753, 0.05811953544616699, 0.023169441148638725, -0.04418414831161499, 0.04094448685646057, 0.04742065444588661]
3505540,[0.8976069688796997, -0.5557067394256592, -0.1375398188829422, 0.1012364998459816, 0.06943809241056442, -0.34751835465431213, -0.11839450150728226, -0.20671826601028442, 0.22549426555633545, 1.1576446294784546]
3507568,[0.0021540026646107435, -8.792923181317747E-4, -3.4246177528984845E-4, -7.103939196895226E-7, -5.9693561524909455E-6, -4.3332844506949186E-4, 1.1509827163536102E-4, -6.098846206441522E-4, 3.2447962439619005E-4, 0.00203235843218863]
3535892,[0.3891242742538452, -0.06840451806783676, -0.4077037572860718, 0.14747120440006256, -0.9491835832595825, -0.004744688514620066, -0.2726285755634308, 0.687423586845398, 0.5961772203445435, -0.25553902983665466]
3564288,[5.520223639905453E-4, 1.800952486519236E-5, 1.0605694842524827E-4, 1.9668084860313684E-4, -7.100232323864475E-6, 1.7240097804460675E-4, 1.5037789125926793E-4, -1.8888851627707481E-4, 1.4537508832290769E-4, 2.867915609385818E-4]
3566856,[3.549338725861162E-4, 4.7518263454549015E-4, 0.0012052572565153241, -0.001105463015846908, 1.3403974298853427E-4, -7.663526339456439E-4, -0.003122413996607065, 0.001233701012097299, -0.0016904618823900819, 2.2522208746522665E-4]
3570672,[0.0016055259620770812, 0.001973826205357909, 0.004741498734802008, -0.0042152986861765385, 5.125805037096143E-4, -0.0027719081845134497, -0.011875265277922153, 0.004684658255428076, -0.006467254366725683, 7.938683847896755E-4]
3583424,[0.21862705051898956, 0.09197533875703812, 0.11383107304573059, 0.0253840871155262, -0.006401661317795515, 0.20712170004844666, 0.1557150036096573, -0.09214023500680923, 0.07373350858688354, -0.049374375492334366]
3599296,[0.8976069688796997, -0.5557067394256592, -0.1375398188829422, 0.1012364998459816, 0.06943809241056442, -0.34751835465431213, -0.11839450150728226, -0.20671826601028442, 0.22549426555633545, 1.1576446294784546]
3602664,[0.3891242742538452, -0.06840451806783676, -0.4077037572860718, 0.14747120440006256, -0.9491835832595825, -0.004744688514620066, -0.2726285755634308, 0.687423586845398, 0.5961772203445435, -0.25553902983665466]
3605636,[-6.579004008244738E-8, 1.4115445701179397E-8, -6.523766860055957E-9, -2.2492406159813072E-8, -2.9043107918624855E-9, -5.8929732205115215E-9, -6.2786864596375835E-9, 1.8943136836924168E-8, -1.952269990113109E-8, -5.5899693762739844E-8]
3606120,[3.4127258310978625E-12, -3.846269548517245E-13, 5.807324564809091E-13, 1.4949180131632045E-12, 1.1613976382170155E-13, 7.348828034818566E-13, 4.409562721473942E-13, -1.0770474139290553E-12, 1.0931462983074236E-12, 2.6121344670615443E-12]
3607308,[0.8165969252586365, 0.4579593539237976, 0.3344912528991699, 0.14151901006698608, -0.06453774869441986, 0.6510775685310364, 0.6649330854415894, -0.25099289417266846, 0.15310417115688324, -0.2583905756473541]
3607312,[0.8165969252586365, 0.4579593539237976, 0.3344912528991699, 0.14151901006698608, -0.06453774869441986, 0.6510775685310364, 0.6649330854415894, -0.25099289417266846, 0.15310417115688324, -0.2583905756473541]
3609108,[-8.989885658811092E-13, -4.2641104948219766E-13, -5.599023306622486E-13, -9.770601211780972E-13, 9.278347404620413E-14, -7.73110687881523E-13, -1.6756046420166038E-13, 5.783326833923297E-13, -4.906741245952473E-13, -3.884724302221504E-13]
3612632,[-0.02007458545267582, 0.002439771080389619, -0.005442224442958832, -0.013415927067399025, -0.0016614284832030535, -0.005634562578052282, -8.134443196468055E-4, 0.006294819992035627, -0.008450785651803017, -0.017909161746501923]
3613308,[0.3891242742538452, -0.06840451806783676, -0.4077037572860718, 0.14747120440006256, -0.9491835832595825, -0.004744688514620066, -0.2726285755634308, 0.687423586845398, 0.5961772203445435, -0.25553902983665466]
3613876,[-5.446876023135205E-12, 4.485840410066444E-13, -1.3088730403329474E-12, -3.1608550412481895E-12, -1.819299105896427E-13, -1.4399131843464974E-12, -4.184984336071812E-13, 1.946801010330179E-12, -2.0970367369671505E-12, -4.47004672859963E-12]
3613932,[0.8165969252586365, 0.4579593539237976, 0.3344912528991699, 0.14151901006698608, -0.06453774869441986, 0.6510775685310364, 0.6649330854415894, -0.25099289417266846, 0.15310417115688324, -0.2583905756473541]
3614336,[4.6822757576592267E-4, 5.405728588812053E-4, 0.0012477339478209615, -0.0010803972836583853, 1.3067103282082826E-4, -6.767624872736633E-4, -0.003034575143828988, 0.0011959085240960121, -0.0016622275579720736, 1.9027072994504124E-4]
3614956,[0.8165969252586365, 0.4579593539237976, 0.3344912528991699, 0.14151901006698608, -0.06453774869441986, 0.6510775685310364, 0.6649330854415894, -0.25099289417266846, 0.15310417115688324, -0.2583905756473541]
3614972,[0.001995708094909787, 0.0021944844629615545, 0.004882889334112406, -0.004132559057325125, 5.034881178289652E-4, -0.002469422295689583, -0.011575414799153805, 0.004555561114102602, -0.0063693104311823845, 6.775235524401069E-4]
3614980,[-0.021755607798695564, 0.0018989902455359697, -0.004541895817965269, -0.01144774816930294, -4.675589152611792E-4, -0.005381884053349495, -0.0019383331527933478, 0.00785051379352808, -0.007813608273863792, -0.017450643703341484]
3614984,[-3.5196034454954006E-12, -6.870882443728299E-13, -1.417182994220556E-12, -2.5210103102302206E-12, 4.613454393899777E-14, -1.9713642610691418E-12, -7.879150890760522E-13, 1.5055040547551357E-12, -1.4465749561751173E-12, -1.821744361266142E-12]
3614992,[-2.3768998921869233E-12, -1.2513847922300536E-13, -7.799716276492286E-13, -1.6668967638480692E-12, 5.3470958028347965E-15, -9.742372924018139E-13, -2.4655237161781696E-13, 1.020941903066841E-12, -9.930935197452473E-13, -1.7090517369366953E-12]
3614996,[0.8976069688796997, -0.5557067394256592, -0.1375398188829422, 0.1012364998459816, 0.06943809241056442, -0.34751835465431213, -0.11839450150728226, -0.20671826601028442, 0.22549426555633545, 1.1576446294784546]
3615000,[4.682276921812445E-4, 5.405726260505617E-4, 0.0012477340642362833, -0.0010803972836583853, 1.3067085819784552E-4, -6.767642335034907E-4, -0.0030345749109983444, 0.0011959085240960121, -0.0016622275579720736, 1.9027077360078692E-4]
3615004,[0.016700584441423416, 0.25257816910743713, 0.8229044675827026, -0.2540212571620941, -0.14124338328838348, -1.039642572402954, 0.35892245173454285, -0.04596257582306862, 0.62429279088974, -0.08752559870481491]
3615008,[-2.6573489502607073E-12, -1.1673971251485726E-12, -1.5054751065571303E-12, -2.41948908824563E-12, 8.398927983221255E-14, -2.2829266688867422E-12, -8.86613428074251E-13, 1.259032374884006E-12, -1.2008396664195398E-12, -7.419883934697835E-13]
3615012,[3.549338725861162E-4, 4.7518263454549015E-4, 0.0012052572565153241, -0.001105463015846908, 1.3403974298853427E-4, -7.663526339456439E-4, -0.003122413996607065, 0.001233701012097299, -0.0016904618823900819, 2.2522208746522665E-4]
3615020,[2.9282598481422673E-12, -1.4348082184173494E-12, -2.262952873048965E-13, 5.01477819773305E-13, 2.0491552519489448E-13, -6.740896361066839E-13, -1.446556091057316E-13, -7.03897877485371E-13, 7.610422166591524E-13, 3.336600310280269E-12]
3615028,[-8.735436818341213E-10, 9.52240508667046E-10, 3.779021817695849E-10, 2.4755941741005927E-10, -1.9464056755236214E-10, 7.659829437400845E-10, 1.895585355349283E-10, -3.898780950861713E-11, -1.331566523710137E-10, -1.4324000874310627E-9]
3615032,[2.0459137856088105E-12, -5.081802491833931E-13, 4.5683872266708E-13, 1.4486723452777905E-12, 2.2187072600161895E-13, 3.579494014561979E-13, -1.70274777893005E-13, -6.266678799146663E-13, 9.13266099029919E-13, 2.2523671296126313E-12]
3615036,[4.565851142264085E-14, -2.7249114423200105E-12, -1.6020905305516586E-12, -1.609896677773337E-12, 5.338542650480671E-13, -2.8809708525062705E-12, -1.1672285317107511E-12, 8.782150354158524E-13, -3.551617008303032E-13, 2.6749652839996862E-12]
3615040,[-2.7271811632090248E-5, -2.2256965337419388E-7, -7.2010875555861276E-6, -1.5094602531462442E-5, 2.1421818985345453E-8, -8.972072464530356E-6, -3.9495221244578715E-6, 1.0591804311843589E-5, -1.0055890925286803E-5, -1.896231151476968E-5]
3615044,[4.792756903154727E-13, -1.436545435558323E-12, -9.042108424853201E-13, -9.639298907682115E-13, 2.1348867769097057E-13, -1.4636032186557402E-12, -4.1832016366497027E-13, 2.944058842199726E-13, -1.8948951023729788E-13, 1.5420544615535325E-12]
3615048,[0.022575711831450462, 0.011885186657309532, 0.014276204630732536, 0.022192642092704773, -0.001606294885277748, 0.02054597996175289, 0.007685610093176365, -0.012293602339923382, 0.010969262570142746, 0.005164877977222204]
3615052,[-0.4661030173301697, 0.13742108643054962, 0.6859946250915527, 1.1034938097000122, 0.31191498041152954, 0.3073917627334595, -0.3964443802833557, 0.2689194679260254, 0.5359251499176025, 0.2647554576396942]
3615056,[-0.17370589077472687, -0.5459045767784119, 0.4006246328353882, -0.6786052584648132, 0.16575579345226288, 0.6764203906059265, -0.25810959935188293, -0.34451887011528015, 0.5321409106254578, -0.05711302161216736]
3615060,[-2.980449664846674E-8, -2.0200079831056428E-8, -1.9222712310806855E-8, -2.7927590906529076E-8, 3.9379308702791604E-9, -3.101206402789103E-8, -1.339224731111699E-8, 1.789358172743505E-8, -1.298001883753841E-8, -3.5055319758114933E-10]
3615064,[-0.17370589077472687, -0.5459045767784119, 0.4006246328353882, -0.6786052584648132, 0.16575579345226288, 0.6764203906059265, -0.25810959935188293, -0.34451887011528015, 0.5321409106254578, -0.05711302161216736]
3615068,[-3.049589877499037E-12, 4.345279019414561E-14, -8.053811523939247E-13, -1.6747970198183193E-12, -9.144827907078823E-14, -1.0053601831247483E-12, -4.914730189660432E-13, 1.0375271605397862E-12, -1.1032895517321117E-12, -2.0955784850451575E-12]
3615072,[0.44781360030174255, -1.114763617515564, 0.24186520278453827, 0.5507218837738037, 0.11647912114858627, -0.37671878933906555, -0.26992589235305786, -0.526567816734314, -0.2917298972606659, -1.0382566452026367]
3615080,[5.159414140507579E-4, 5.675677675753832E-4, 0.0012648488627746701, -0.0010703488951548934, 1.2969870294909924E-4, -6.398425903171301E-4, -0.0029978810343891382, 0.0011801085202023387, -0.0016501338686794043, 1.759630540618673E-4]
3615084,[-0.021755607798695564, 0.0018989902455359697, -0.004541895817965269, -0.01144774816930294, -4.675589152611792E-4, -0.005381884053349495, -0.0019383331527933478, 0.00785051379352808, -0.007813608273863792, -0.017450643703341484]
3615088,[5.159414140507579E-4, 5.675677675753832E-4, 0.0012648488627746701, -0.0010703488951548934, 1.2969870294909924E-4, -6.398425903171301E-4, -0.0029978810343891382, 0.0011801085202023387, -0.0016501338686794043, 1.759630540618673E-4]
3615092,[-4.054427800437299E-12, -1.6541904564876253E-12, -2.1604471683867033E-12, -3.554080424059136E-12, 1.914394342919859E-13, -3.2715711650171952E-12, -1.2369565007691596E-12, 2.004450858766882E-12, -1.7972869286592141E-12, -1.3003517533582976E-12]
3615096,[-2.338417289138306E-6, -9.299600947088038E-7, -2.5162019028357463E-6, -6.039536856405903E-6, -1.3286383193644724E-7, -2.909806198658771E-6, 1.4610832295147702E-6, 2.06551885639783E-6, -2.711825345613761E-6, -3.5947139167546993E-6]
3615104,[0.44781360030174255, -1.114763617515564, 0.24186520278453827, 0.5507218837738037, 0.11647912114858627, -0.37671878933906555, -0.26992589235305786, -0.526567816734314, -0.2917298972606659, -1.0382566452026367]
3615108,[5.836990890628613E-10, 1.1664730292793024E-9, 9.694958169603751E-10, 1.2289798068110258E-9, -1.375369401701576E-10, 1.5241083950456868E-9, 5.617505349775342E-10, -5.325092033992007E-10, 4.70251282358447E-10, -6.580236355802072E-10]
3615112,[-2.227856354258817E-12, -5.961121760057406E-14, -7.574304681720601E-13, -1.5835967519944871E-12, -1.213720286384265E-13, -9.631111012875504E-13, -2.847783315586272E-13, 7.708680156877368E-13, -9.427423034932825E-13, -1.623712774477537E-12]
3615116,[2.916729791718753E-12, -2.491832478204725E-12, -7.26229189632055E-13, 9.844840329238658E-14, 5.367187271877738E-13, -1.65951779228235E-12, -6.093897088332856E-13, -2.2401618591811473E-13, 7.03660111948945E-13, 4.414932395363502E-12]
3615120,[0.07577220350503922, -0.2236904352903366, 0.061589714139699936, -0.0979498028755188, 0.34253990650177, 0.005354732740670443, 0.2535177767276764, 0.5238237380981445, -0.015207034535706043, -0.0633428692817688]
3615128,[-0.4661030173301697, 0.13742108643054962, 0.6859946250915527, 1.1034938097000122, 0.31191498041152954, 0.3073917627334595, -0.3964443802833557, 0.2689194679260254, 0.5359251499176025, 0.2647554576396942]
3615132,[1.2039714928149814E-12, 1.6282679414850176E-12, 1.270694920812998E-12, 1.5845728592103758E-12, -3.449694143623644E-13, 2.057931949850378E-12, 8.758391689851763E-13, -1.0270302403664333E-12, 6.651667064372369E-13, -7.369829030899611E-13]
3615136,[0.3891242742538452, -0.06840451806783676, -0.4077037572860718, 0.14747120440006256, -0.9491835832595825, -0.004744688514620066, -0.2726285755634308, 0.687423586845398, 0.5961772203445435, -0.25553902983665466]
3615140,[3.4318973444330547E-12, 2.021387180903278E-12, 2.140382706142252E-12, 3.20905650143255E-12, -3.20941705286501E-13, 3.3557310576137755E-12, 1.3770751032537998E-12, -1.908393582050749E-12, 1.5485606503704008E-12, 4.114441534870672E-13]
3615144,[-4.719284518728273E-8, 4.582402723940504E-8, 1.5291215405000003E-8, 4.261201613786625E-9, -9.233345643622215E-9, 3.4048515118456635E-8, 1.1380969944241315E-8, 2.0694626012840445E-9, -1.0389738847038643E-8, -7.591942363660564E-8]
3615148,[-0.14353100955486298, -0.01318837609142065, -0.06009411811828613, -0.1281585991382599, -0.003048444166779518, -0.07227189838886261, -0.00783619750291109, 0.06419508159160614, -0.07062587141990662, -0.11142320185899734]
3615152,[-0.021755607798695564, 0.0018989902455359697, -0.004541895817965269, -0.01144774816930294, -4.675589152611792E-4, -0.005381884053349495, -0.0019383331527933478, 0.00785051379352808, -0.007813608273863792, -0.017450643703341484]
3615156,[4.7117577196331695E-5, -2.5391716917511076E-5, -6.4831106101337355E-6, -2.419626298433286E-6, 5.45216198588605E-6, -1.4281908988778014E-5, 3.929777449229732E-6, -4.9136347115563694E-6, 8.422583960054908E-6, 4.784621705766767E-5]
3615160,[2.55327416110937E-13, 3.6315739369678635E-13, 1.4198534112764422E-13, -9.066444833392626E-14, -7.223506460953683E-14, 3.789023131708924E-13, 4.485780507896414E-13, -7.724716862261144E-14, -3.673524632814666E-14, -4.724036916856078E-13]
3615164,[-0.17370589077472687, -0.5459045767784119, 0.4006246328353882, -0.6786052584648132, 0.16575579345226288, 0.6764203906059265, -0.25810959935188293, -0.34451887011528015, 0.5321409106254578, -0.05711302161216736]
3615168,[-3.2190702040679753E-4, 8.016540086828172E-4, 5.203817272558808E-4, 5.305404192768037E-4, -7.531237497460097E-5, 8.229488739743829E-4, 2.759259950835258E-4, -6.758533709216863E-5, 7.765247573843226E-5, -9.668905986472964E-4]
3615172,[-2.6582525243512567E-12, -1.6080912643157141E-12, -1.929616405896284E-12, -3.134681750283086E-12, 1.4634775054138405E-13, -2.845673349738398E-12, -8.349767275164788E-13, 1.5120331202378434E-12, -1.463946910744418E-12, -6.315151309874145E-13]
3615176,[4.259287367247566E-12, -1.0094606357410885E-12, 5.002939252110594E-13, 1.82698409352533E-12, 1.7879370672792966E-13, 3.111152015265045E-13, 8.712931228284718E-14, -1.3731848774387045E-12, 1.4457806696635545E-12, 4.052936371928828E-12]
3615180,[0.0012170500122010708, 0.0014968292089179158, 0.0035979498643428087, -0.003198770107701421, 3.882198652718216E-4, -0.0021037922706454992, -0.009011139161884785, 0.003555077826604247, -0.004908046219497919, 6.028088391758502E-4]
3615184,[0.0013220412656664848, -2.1376019867602736E-4, 0.00119730771984905, -6.409945199266076E-4, 2.9745607753284276E-4, -0.0010769854998216033, -0.0034447461366653442, 0.001068277284502983, -0.0013298031408339739, 0.0017678807489573956]
3615188,[0.021823491901159286, 0.011289364658296108, 0.01373331155627966, 0.021299298852682114, -0.001495807315222919, 0.019674165174365044, 0.007367873098701239, -0.01177339069545269, 0.010642762295901775, 0.005198444239795208]
3615192,[-2.6634735306174662E-8, 1.0901621827485997E-8, -1.4362713240956282E-9, -1.5279514542498873E-8, 3.2143587791466643E-10, 3.5287568422859295E-9, 7.463907714111429E-9, 1.2924633807642749E-8, -1.0977712960880126E-8, -3.557367023176994E-8]
3615196,[0.21862705051898956, 0.09197533875703812, 0.11383107304573059, 0.0253840871155262, -0.006401661317795515, 0.20712170004844666, 0.1557150036096573, -0.09214023500680923, 0.07373350858688354, -0.049374375492334366]
3615200,[0.0012170500122010708, 0.0014968292089179158, 0.0035979498643428087, -0.003198770107701421, 3.882198652718216E-4, -0.0021037922706454992, -0.009011139161884785, 0.003555077826604247, -0.004908046219497919, 6.028088391758502E-4]
3615204,[-0.0010066896211355925, 0.002599298721179366, 0.0016780152218416333, 0.0017323180800303817, -2.6057855575345457E-4, 0.002661478938534856, 8.98519647307694E-4, -2.3773513385094702E-4, 2.492518979124725E-4, -0.0031268836464732885]
3615208,[0.74977046251297, -0.13614560663700104, -0.786118745803833, 0.2835007905960083, -1.83588707447052, -0.004790357779711485, -0.530064582824707, 1.3299227952957153, 1.1564120054244995, -0.49906036257743835]
3615216,[3.4497400595856487E-12, -1.4636261766367425E-13, 7.14636466322971E-13, 1.7093219201180787E-12, 1.432358294202029E-14, 9.740317276699106E-13, 4.641893423459886E-13, -1.2740473823505405E-12, 1.1522598196769818E-12, 2.476312991467333E-12]
3615220,[7.113173440022325E-13, -9.705839647614067E-13, -2.854891345029087E-13, 1.391960006459636E-13, 1.7951081159733873E-13, -7.665937112530385E-13, -5.273007508063698E-13, -7.749760577192844E-14, 2.822287759399189E-13, 1.7121158006963566E-12]
3615224,[5.044272291532259E-12, -3.6746110711541324E-13, 1.1915922892499764E-12, 2.765684166058935E-12, 1.595774565005953E-13, 1.331865498964413E-12, 5.210140587193213E-13, -1.7552792986458288E-12, 1.878783153358432E-12, 3.964537031997395E-12]
3615228,[0.74977046251297, -0.13614560663700104, -0.786118745803833, 0.2835007905960083, -1.83588707447052, -0.004790357779711485, -0.530064582824707, 1.3299227952957153, 1.1564120054244995, -0.49906036257743835]
3615232,[0.8165969252586365, 0.4579593539237976, 0.3344912528991699, 0.14151901006698608, -0.06453774869441986, 0.6510775685310364, 0.6649330854415894, -0.25099289417266846, 0.15310417115688324, -0.2583905756473541]
3615236,[0.021823491901159286, 0.011289364658296108, 0.01373331155627966, 0.021299298852682114, -0.001495807315222919, 0.019674165174365044, 0.007367873098701239, -0.01177339069545269, 0.010642762295901775, 0.005198444239795208]
3615240,[1.0617281498426223E-9, 3.987233043734051E-10, 4.937105724245328E-10, 7.60665475052491E-10, -7.954686215283502E-11, 7.510658206477672E-10, 3.5769448514244573E-10, -5.254987556213564E-10, 4.177520274151192E-10, 3.0886584956313357E-10]
3615244,[-9.493862362930372E-10, 1.611399014223025E-9, 6.761775583896679E-10, 3.7359373927792205E-10, -3.3579061753385986E-10, 1.388234194266147E-9, 5.816281345438767E-10, -1.7480678016212892E-10, -1.6005397007745614E-10, -2.270181820307471E-9]
3615248,[-4.201995088687349E-12, -1.5497971829481205E-12, -2.1908781212831574E-12, -3.696075997344783E-12, 1.8418468519017933E-13, -3.192124949785713E-12, -1.119429852633469E-12, 2.0895704871265464E-12, -1.9211930223778095E-12, -1.6459505199767355E-12]
3615252,[-2.666691520381015E-12, 1.7595406468645658E-12, 4.83335431140236E-13, -2.6442286945108084E-13, -2.6636123320010474E-13, 1.0556819090776215E-12, 3.855459517181775E-13, 5.305087966145372E-13, -6.392064069889181E-13, -3.5335794620200423E-12]
3615256,[1.1654941456384904E-9, 2.388193531821514E-10, 6.240187255812657E-10, 1.1581363645873921E-9, 7.991328432321865E-11, 7.973894877721932E-10, 1.8142000401955016E-10, -4.466639003108952E-10, 6.142256703256521E-10, 7.39775740665749E-10]
3615260,[1.6359042755414305E-13, -8.159060449833277E-13, -3.006995694110337E-13, -1.2270510941960605E-13, 2.441118867376607E-13, -7.146767444336788E-13, -4.0184983162230847E-13, 2.5276338639322604E-13, 7.553803231790529E-14, 1.0406506385784997E-12]
3615264,[4.7117577196331695E-5, -2.5391716917511076E-5, -6.4831106101337355E-6, -2.419626298433286E-6, 5.45216198588605E-6, -1.4281908988778014E-5, 3.929777449229732E-6, -4.9136347115563694E-6, 8.422583960054908E-6, 4.784621705766767E-5]
3615268,[5.134163059972163E-12, -2.6379389124475683E-12, -3.2014720193450363E-13, 1.0807743588969743E-12, 5.255250986983817E-13, -1.136968123816029E-12, -3.1769077928241185E-13, -1.054242197012778E-12, 1.4216412335538164E-12, 6.033026075241699E-12]
3615272,[4.7844505752436817E-4, -2.5361814186908305E-4, -6.342111737467349E-5, -1.7064399798982777E-5, 5.061010233475827E-5, -1.4298077439889312E-4, 2.8979964554309845E-5, -6.086498251534067E-5, 9.568498353473842E-5, 5.078880931250751E-4]
3615276,[-5.804070497106295E-6, 4.239838744979352E-6, 1.273653424505028E-6, -1.0427189778283719E-7, -7.912722139735706E-7, 2.6922959932562662E-6, 7.527132197537867E-7, 7.69080202189798E-7, -1.2556067758850986E-6, -7.830282811482903E-6]
3615280,[0.001896745408885181, 0.002139996038749814, 0.004858619999140501, -0.004166038241237402, 4.993196344003081E-4, -0.0025455716531723738, -0.011659998446702957, 0.004593691322952509, -0.006399931851774454, 7.09397834725678E-4]
3615284,[0.21487554907798767, -0.6291158199310303, 0.17128506302833557, -0.2736649811267853, 0.9622247219085693, 0.01661183312535286, 0.7119661569595337, 1.4737693071365356, -0.04252241179347038, -0.1759304404258728]
3615288,[-3.936334765086702E-12, -8.989507272252895E-13, -1.7593166506957303E-12, -3.0314680887072454E-12, 1.5896606134300356E-15, -2.4014930669058465E-12, -9.424608446093052E-13, 1.6457485331120014E-12, -1.704032097718522E-12, -1.9430858831659403E-12]
3615292,[-4.587608071204841E-12, 3.1888418771872096E-13, -1.055760188474475E-12, -2.4966554431488097E-12, -1.1756502889259668E-13, -1.2342276723212309E-12, -4.644073754028755E-13, 1.6375141260321913E-12, -1.6894345080883943E-12, -3.5946148401605482E-12]
3615296,[5.297861935105175E-5, -2.857664912880864E-5, -7.230782102851663E-6, -2.717017878239858E-6, 6.313759058684809E-6, -1.593871093064081E-5, 4.501737294049235E-6, -5.4083116083347704E-6, 9.462414709560107E-6, 5.386118573369458E-5]
3615300,[0.1168273538351059, 0.03416260704398155, 0.053945548832416534, 0.09166143834590912, -0.004323241766542196, 0.07612831890583038, 0.029861964285373688, -0.05488208681344986, 0.05005638301372528, 0.05108236148953438]
3615304,[0.21487554907798767, -0.6291158199310303, 0.17128506302833557, -0.2736649811267853, 0.9622247219085693, 0.01661183312535286, 0.7119661569595337, 1.4737693071365356, -0.04252241179347038, -0.1759304404258728]
3615308,[0.8165969252586365, 0.4579593539237976, 0.3344912528991699, 0.14151901006698608, -0.06453774869441986, 0.6510775685310364, 0.6649330854415894, -0.25099289417266846, 0.15310417115688324, -0.2583905756473541]
3615312,[2.078764049784354E-9, -1.3573427937174642E-9, -2.3147016248170615E-10, 4.669543085533689E-10, 2.9475299978543035E-10, -7.085149689167736E-10, -3.4631075784830045E-10, -3.5367242467998494E-10, 6.165115085110529E-10, 2.8489239856099857E-9]
3615316,[-2.906228857568749E-8, 9.091260011473423E-8, 5.418451820560222E-8, 5.214889498006414E-8, -1.2712848551643674E-8, 9.280623203267169E-8, 3.311501473035605E-8, -1.4761019073716852E-8, 7.587607875336744E-9, -1.0488868440461374E-7]
3615320,[4.5218332116875315E-13, -1.832201491219765E-12, -1.0637215934472533E-12, -9.974486514519043E-13, 3.4560334737261666E-13, -1.7903857649909094E-12, -6.579938959146159E-13, 4.5359782553308636E-13, -1.836397380732338E-13, 1.98649300134357E-12]
3615324,[-1.4487860910961103E-9, -6.137256813865122E-10, -6.432043231363593E-10, -9.928836641748262E-10, 1.6406948022407164E-10, -1.0680415440944557E-9, -5.150068149717413E-10, 7.775413091160033E-10, -5.342730702295739E-10, -3.5217659344333185E-10]
3615328,[1.0669257699547074E-9, -9.37223854080571E-10, -2.348222727377447E-10, 1.6548901138335737E-10, 1.9294649211687442E-10, -6.161969823281765E-10, -3.3448904757094056E-10, -1.4150748628427579E-10, 3.250993640957489E-10, 1.7718035927316578E-9]
3615332,[2.2770520278353468E-12, -9.840042192524323E-13, -9.693054735596118E-14, 6.103877711431671E-13, 1.3136442888334043E-13, -3.171886581512795E-13, -1.4189010751931852E-13, -6.354424907269174E-13, 6.293875468542376E-13, 2.5494235628836792E-12]
3615336,[0.006030302494764328, 0.010683565400540829, -0.01676739938557148, -5.68177318200469E-4, 0.0207894966006279, -0.004996030125766993, -0.008100109174847603, -0.004672391805797815, 0.016787562519311905, -0.009166096337139606]
3615340,[3.3343519316986203E-4, -5.451233664643951E-5, 5.4436823120340705E-5, 1.4405623369384557E-4, 1.3144277545507066E-5, 4.700000863522291E-5, 3.003473102580756E-5, -1.0469277913216501E-4, 1.1321540659992024E-4, 2.8094995650462806E-4]
3615344,[0.44781360030174255, -1.114763617515564, 0.24186520278453827, 0.5507218837738037, 0.11647912114858627, -0.37671878933906555, -0.26992589235305786, -0.526567816734314, -0.2917298972606659, -1.0382566452026367]
3615348,[3.3343519316986203E-4, -5.451233664643951E-5, 5.4436823120340705E-5, 1.4405623369384557E-4, 1.3144277545507066E-5, 4.700000863522291E-5, 3.003473102580756E-5, -1.0469277913216501E-4, 1.1321540659992024E-4, 2.8094995650462806E-4]
3615352,[-1.680206321297284E-12, 2.0454334840463995E-12, 7.664518433987688E-13, 3.2804634659752696E-13, -4.628959975744307E-13, 1.5857988750270224E-12, 5.743466141051867E-13, -1.3132703746091684E-13, -3.25377420319628E-13, -3.1197104361641026E-12]
3615356,[-3.714779352181896E-12, -2.1877688733979578E-14, -1.057427799835975E-12, -2.2813515399705553E-12, -9.342601968746408E-14, -1.3752874707118057E-12, -5.01991026871651E-13, 1.359840950780622E-12, -1.4213011193323077E-12, -2.63623498031329E-12]
3615360,[-0.02007458545267582, 0.002439771080389619, -0.005442224442958832, -0.013415927067399025, -0.0016614284832030535, -0.005634562578052282, -8.134443196468055E-4, 0.006294819992035627, -0.008450785651803017, -0.017909161746501923]
3615364,[1.452004749075142E-12, 1.1229197910064825E-12, 1.2085697026487097E-12, 1.7531278078547485E-12, -1.3555225464225579E-13, 1.740377590306319E-12, 6.181294625456912E-13, -8.883165470568999E-13, 8.310264369010278E-13, 5.672088368652642E-14]
3615372,[0.2322007715702057, -0.07337260246276855, 0.016775300726294518, 0.09204627573490143, 0.01369616761803627, -7.357578142546117E-4, -0.004681789316236973, -0.06997181475162506, 0.07630901038646698, 0.23959948122501373]
3615376,[2.0848227658132323E-12, -1.1709011581498285E-12, 1.6986578295222557E-14, 9.700686434688244E-13, 3.0219029318809265E-13, -3.8948510215630616E-13, -4.34084680093344E-13, -4.689477430507016E-13, 7.837037767875754E-13, 2.8635646371483192E-12]
3615380,[0.3891242742538452, -0.06840451806783676, -0.4077037572860718, 0.14747120440006256, -0.9491835832595825, -0.004744688514620066, -0.2726285755634308, 0.687423586845398, 0.5961772203445435, -0.25553902983665466]
3615384,[0.44781360030174255, -1.114763617515564, 0.24186520278453827, 0.5507218837738037, 0.11647912114858627, -0.37671878933906555, -0.26992589235305786, -0.526567816734314, -0.2917298972606659, -1.0382566452026367]
3615396,[6.80371092798282E-10, 3.146390648023356E-10, 4.5065909337616006E-10, 8.233516091138426E-10, -4.228613639800649E-11, 6.191612222927745E-10, 1.0389038934688344E-10, -4.175638168568696E-10, 3.925705038820837E-10, 3.234609247115827E-10]
3615412,[-1.1826891688215824E-9, -6.2325630767468E-11, -4.769510897340012E-10, -1.0959489982198534E-9, -6.127250096188419E-11, -6.110001393722087E-10, -3.32323717155969E-11, 4.880393311701425E-10, -5.798145297220003E-10, -9.720647620170553E-10]
3615420,[-2.9799828382692795E-8, -2.0200234374101456E-8, -1.922154346800653E-8, -2.7924933476697333E-8, 3.938045889384512E-9, -3.101060741528272E-8, -1.3391678876928381E-8, 1.7891899517508136E-8, -1.297830110047471E-8, -3.470821130502344E-10]
3615424,[0.0013608593726530671, 0.0018359094392508268, 0.004655542317777872, -0.0042749750427901745, 5.195289268158376E-4, -0.002966824686154723, -0.012075865641236305, 0.0047708535566926, -0.006534541957080364, 8.681913604959846E-4]
3615428,[4.682277503889054E-4, 5.405725678429008E-4, 0.0012477340642362833, -0.0010803972836583853, 1.306707999901846E-4, -6.767648155800998E-4, -0.0030345749109983444, 0.0011959085240960121, -0.0016622275579720736, 1.9027078815270215E-4]
3615436,[-2.0591133242930937E-9, -8.874585510909583E-10, -1.1335323790717666E-9, -1.8290768899476006E-9, 9.883689006118246E-11, -1.7127474993827718E-9, -6.564260246477716E-10, 1.0217157120351317E-9, -9.261749145395015E-10, -6.161788301817239E-10]
3615444,[2.1064951811946425E-13, -1.0472573735943388E-13, -2.311989033380868E-13, -4.1270239721329094E-13, -1.1450038237426768E-13, -2.35572981477708E-13, 1.059180006071983E-13, -1.1265956293944959E-13, -1.2693469051468925E-13, 6.68235879499636E-14]
3615448,[0.1427176296710968, 0.07972955703735352, 0.0644296333193779, 0.021551795303821564, -0.010050926357507706, 0.10930034518241882, 0.09744039922952652, -0.03859848529100418, 0.019862661138176918, -0.040664128959178925]
3615456,[-7.602243567816913E-4, 1.6754548414610326E-4, -1.455945457564667E-4, -4.643708816729486E-4, -4.954787436872721E-5, -1.1086179438279942E-4, 3.46926499332767E-5, 2.58455314906314E-4, -3.127413219772279E-4, -7.870351546443999E-4]
3615464,[1.1247549558390801E-9, 1.5813736986558524E-9, 1.3050462932540086E-9, 1.7167292032382875E-9, -2.6416455134459227E-10, 2.1029935570737734E-9, 8.038777421504051E-10, -9.319930383000496E-10, 6.913698502586385E-10, -6.917130757067014E-10]
3615468,[2.8367269470919165E-12, -2.5884266518366728E-12, -9.779707425827677E-13, -3.3783303303273893E-13, 4.4847318133450775E-13, -1.907101429901581E-12, -5.834729943123007E-13, -2.3004512249118203E-13, 5.108521028071578E-13, 4.305175139995843E-12]
3615472,[-0.4661030173301697, 0.13742108643054962, 0.6859946250915527, 1.1034938097000122, 0.31191498041152954, 0.3073917627334595, -0.3964443802833557, 0.2689194679260254, 0.5359251499176025, 0.2647554576396942]
3615492,[-2.170876325924276E-12, 2.3720357275602844E-12, 7.542974491542287E-13, 2.294061174476416E-14, -4.808863810629171E-13, 1.7982634695559718E-12, 8.231532859850899E-13, 1.0001861941747944E-13, -5.794404127519581E-13, -3.981330889968326E-12]
3615512,[-4.991936179976619E-7, 5.351811296350206E-7, 2.7347977038516547E-7, 1.2283479122743302E-7, -3.4533631065869486E-8, 4.4504770357889356E-7, 1.9223870140194776E-7, 1.060471035430055E-7, -5.546440462467217E-8, -8.658054753141187E-7]
3615516,[0.8976069688796997, -0.5557067394256592, -0.1375398188829422, 0.1012364998459816, 0.06943809241056442, -0.34751835465431213, -0.11839450150728226, -0.20671826601028442, 0.22549426555633545, 1.1576446294784546]
3615520,[1.5778626235446458E-12, 1.1939023988188913E-12, 1.2959663724110282E-12, 1.9251494929456436E-12, -1.2453265415407477E-13, 1.9082847281526316E-12, 6.658429775423247E-13, -9.366465936189172E-13, 8.822499480108659E-13, 5.6419112952474024E-14]
3615524,[0.021823491901159286, 0.011289364658296108, 0.01373331155627966, 0.021299298852682114, -0.001495807315222919, 0.019674165174365044, 0.007367873098701239, -0.01177339069545269, 0.010642762295901775, 0.005198444239795208]
3615528,[1.437655224902079E-12, 5.278107052981984E-13, 7.992026094735816E-13, 1.409337707300451E-12, -5.375026798973802E-14, 1.1215060997937787E-12, 3.1811017578778356E-13, -7.431467008607584E-13, 7.036316516419172E-13, 6.218609611627346E-13]
3615532,[3.5841495105159993E-7, -4.781078359883395E-7, -2.70891234777082E-7, -2.960432823329029E-7, 8.159317133049626E-8, -4.3134863858540484E-7, -5.412444537000738E-8, 6.249995010421117E-8, -2.2766421636788436E-8, 5.939079983363627E-7]
3615536,[-2.421201260316419E-12, 1.8590370128718225E-12, 4.911206532599854E-13, -2.482128543500328E-13, -3.809541386772669E-13, 1.1441016320098973E-12, 4.588206442383835E-13, 3.059807724033192E-13, -6.089285434392189E-13, -3.4798689537568483E-12]
3615540,[0.0012170500122010708, 0.0014968292089179158, 0.0035979498643428087, -0.003198770107701421, 3.882198652718216E-4, -0.0021037922706454992, -0.009011139161884785, 0.003555077826604247, -0.004908046219497919, 6.028088391758502E-4]
3615544,[0.2220965474843979, -0.07053671032190323, 0.01585841178894043, 0.08757051825523376, 0.012833908200263977, -0.001432486460544169, -0.0045916251838207245, -0.06666316837072372, 0.07314411550760269, 0.22918589413166046]
3615548,[-1.238479208076626E-9, 1.1906385877225034E-9, 3.6698666328049967E-10, -4.648842075183346E-11, -2.3495541623397287E-10, 8.438887921791149E-10, 3.7909964056837E-10, 1.0893581869897417E-10, -3.1131786037974507E-10, -2.05925698715248E-9]
3615552,[-2.50306608773343E-10, -2.3635702284252602E-9, -1.542696637102381E-9, -1.6839825089931537E-9, 3.8960021320200156E-10, -2.6738657954439304E-9, -1.0617421386527326E-9, 7.962853154630523E-10, -4.5951856209036634E-10, 2.1115376114266837E-9]
3615556,[-9.074469886627412E-8, -2.1907172964574784E-8, -3.3724937509305164E-8, -5.808098180182242E-8, 6.601700519581755E-9, -4.975943923568593E-8, -2.2868283267030165E-8, 4.444396140002027E-8, -3.392371894506141E-8, -4.014177790168105E-8]
3615560,[3.5785166063034834E-13, 1.1066099208853486E-12, 8.334966289207102E-13, 9.438152299631741E-13, -1.4769798882194318E-13, 1.334167368596817E-12, 5.492922197820882E-13, -4.2063230611295854E-13, 3.423941902572225E-13, -8.031280718592826E-13]
3615564,[4.7754244135445045E-12, -8.018650169859184E-14, 1.4169547696632478E-12, 3.0242293044824287E-12, 2.0234328264572693E-13, 1.6725157500271925E-12, 5.777675430099216E-13, -1.6616710177969063E-12, 1.9126781321959774E-12, 3.5647598154581184E-12]
3615568,[0.2220965474843979, -0.07053671032190323, 0.01585841178894043, 0.08757051825523376, 0.012833908200263977, -0.001432486460544169, -0.0045916251838207245, -0.06666316837072372, 0.07314411550760269, 0.22918589413166046]
3615572,[0.74977046251297, -0.13614560663700104, -0.786118745803833, 0.2835007905960083, -1.83588707447052, -0.004790357779711485, -0.530064582824707, 1.3299227952957153, 1.1564120054244995, -0.49906036257743835]
3615576,[0.44781360030174255, -1.114763617515564, 0.24186520278453827, 0.5507218837738037, 0.11647912114858627, -0.37671878933906555, -0.26992589235305786, -0.526567816734314, -0.2917298972606659, -1.0382566452026367]
3615592,[-5.50260520742335E-13, 8.97333693895136E-13, 2.657932196819396E-13, -8.962784941307644E-14, -2.1449770399532136E-13, 6.81224336922942E-13, 4.653318203852452E-13, -3.5588824503487645E-14, -2.242331889829377E-13, -1.4726295270023337E-12]
3615600,[6.073005986984015E-10, 3.6855421492454354E-11, 1.0839980996157905E-10, 1.1227932472657187E-10, 2.3521776540413875E-11, 2.201535898027629E-10, 2.7601163021806485E-10, -1.1845464886750534E-10, 1.1554772416655368E-10, 1.8566446990941898E-10]
3615604,[1.075719916789064E-12, 8.124285749352977E-13, 8.558501672119301E-13, 1.4110933558783567E-12, -1.5661317999838414E-13, 1.2768478765620705E-12, 3.1104830625246216E-13, -7.828628695825957E-13, 6.34928470476942E-13, 1.9425528351678378E-13]
3615612,[1.0848513841629028, -0.20302750170230865, -1.138213038444519, 0.4091985821723938, -2.6660890579223633, -8.677673758938909E-4, -0.7735726237297058, 1.9317924976348877, 1.6839803457260132, -0.7312975525856018]
3615620,[-7.57173512257181E-13, 4.631473698481214E-13, -1.2094019091312552E-13, -7.372009361468479E-13, -1.235347002644105E-13, 1.0769535355734453E-13, 4.070544086260536E-13, 2.7866993651884386E-13, -4.588095311661156E-13, -1.370520667440256E-12]
3615628,[0.021823491901159286, 0.011289364658296108, 0.01373331155627966, 0.021299298852682114, -0.001495807315222919, 0.019674165174365044, 0.007367873098701239, -0.01177339069545269, 0.010642762295901775, 0.005198444239795208]
3615640,[5.028387151106983E-10, 3.554310457065668E-10, 4.106539275294807E-10, 6.440522559714168E-10, -6.932229790201916E-11, 5.442479245054699E-10, 1.3894989325802243E-10, -3.6046207685380693E-10, 3.1277783141270277E-10, 1.1447287562305064E-10]
3615644,[0.44781360030174255, -1.114763617515564, 0.24186520278453827, 0.5507218837738037, 0.11647912114858627, -0.37671878933906555, -0.26992589235305786, -0.526567816734314, -0.2917298972606659, -1.0382566452026367]
3615652,[3.0495469430930067E-12, 1.7135174979225273E-14, 9.921908130164359E-13, 2.158569113383524E-12, 1.4726605622895211E-13, 1.2374753999289112E-12, 3.2187886253934317E-13, -1.093862739103002E-12, 1.2806732670872512E-12, 2.2948732757849255E-12]
3615656,[1.6951151337707415E-5, -4.551259917207062E-5, -2.0947214579791762E-5, -1.0784455298562534E-5, 9.02370720723411E-6, -4.089104913873598E-5, -2.1541234673350118E-5, 6.188382485561306E-6, 2.577007080617477E-6, 6.141222547739744E-5]
3615660,[0.2220965474843979, -0.07053671032190323, 0.01585841178894043, 0.08757051825523376, 0.012833908200263977, -0.001432486460544169, -0.0045916251838207245, -0.06666316837072372, 0.07314411550760269, 0.22918589413166046]
3615664,[-1.5232774330797838E-6, 4.833444791074726E-7, -1.398183400169728E-7, -6.547953717017663E-7, -1.359027379521649E-7, -5.787167012272221E-8, 8.152891695090148E-9, 3.9867921941549866E-7, -5.065995196673612E-7, -1.5413811524922494E-6]
3615668,[-1.4487860910961103E-9, -6.137256813865122E-10, -6.432043231363593E-10, -9.928836641748262E-10, 1.6406948022407164E-10, -1.0680415440944557E-9, -5.150068149717413E-10, 7.775413091160033E-10, -5.342730702295739E-10, -3.5217659344333185E-10]
3615680,[0.8976069688796997, -0.5557067394256592, -0.1375398188829422, 0.1012364998459816, 0.06943809241056442, -0.34751835465431213, -0.11839450150728226, -0.20671826601028442, 0.22549426555633545, 1.1576446294784546]
3615684,[-0.021755607798695564, 0.0018989902455359697, -0.004541895817965269, -0.01144774816930294, -4.675589152611792E-4, -0.005381884053349495, -0.0019383331527933478, 0.00785051379352808, -0.007813608273863792, -0.017450643703341484]
3615688,[0.016700584441423416, 0.25257816910743713, 0.8229044675827026, -0.2540212571620941, -0.14124338328838348, -1.039642572402954, 0.35892245173454285, -0.04596257582306862, 0.62429279088974, -0.08752559870481491]
3615692,[0.04345620796084404, -0.4438953697681427, 0.5019840598106384, -0.6416131258010864, 0.1530366986989975, 0.8635486960411072, -0.10136014968156815, -0.4249735176563263, 0.5955821871757507, -0.10257916152477264]
3615696,[8.598631251466315E-10, 1.731031012974782E-10, 4.430291411505749E-10, 8.072363888445011E-10, 6.432254034960394E-11, 5.879610687209436E-10, 1.660087206589722E-10, -3.069779430653341E-10, 4.2673342637300493E-10, 5.00794461455456E-10]
3615700,[0.3891242742538452, -0.06840451806783676, -0.4077037572860718, 0.14747120440006256, -0.9491835832595825, -0.004744688514620066, -0.2726285755634308, 0.687423586845398, 0.5961772203445435, -0.25553902983665466]
3615708,[2.1484831969065254E-10, 4.4561992984526455E-10, 3.34575450677832E-10, 4.0407710510947936E-10, -6.548154379837356E-11, 5.669512082029371E-10, 2.390295461562886E-10, -1.9999282785398975E-10, 1.3882520133456921E-10, -3.0602970158000176E-10]
3615712,[-2.845061317202635E-5, 3.617015318013728E-5, 1.2541922842501663E-5, 2.292740191478515E-6, -7.386981906165602E-6, 2.862781911971979E-5, 1.3643386409967206E-5, -9.07129944494045E-8, -7.478291536244797E-6, -5.8194040320813656E-5]
3615716,[2.598123938213348E-10, -2.981053459638616E-10, -1.2394936466098017E-10, -1.5709283873732716E-10, 4.468317035821734E-11, -2.996874692851037E-10, -3.5425336275540786E-11, 1.205134343013059E-11, 3.391230005145296E-11, 4.158980104751464E-10]
3615720,[1.1983307679486188E-9, -6.124045714983595E-10, -1.0990223314744085E-10, 1.6604710662004862E-10, 1.177369313154486E-10, -2.7550126069364467E-10, -2.7129375135270806E-11, -2.2501620011716739E-10, 2.9014254887549384E-10, 1.3474003024427361E-9]
3615732,[3.906117183177793E-12, -1.7596959046156657E-12, -5.5942013174603566E-14, 1.1309767141906568E-12, 2.969384720746815E-13, -6.369439481054839E-13, -2.872284929431729E-13, -1.0226391131476498E-12, 1.2037521587154876E-12, 4.528708571344131E-12]
3615736,[-4.233957184851533E-9, 5.395670021890453E-10, -8.852529820302379E-10, -2.264924026107451E-9, -2.1505967839896556E-10, -9.50808654032187E-10, -3.280400950878004E-10, 1.3686625166542399E-9, -1.5547098053403374E-9, -3.555059580051534E-9]
3615740,[-5.9992175073173E-13, 2.7009696562663166E-12, 1.457962982114036E-12, 1.3110787412326519E-12, -5.282266594616725E-13, 2.6885340741883423E-12, 1.0750649502566656E-12, -6.642873100551339E-13, 1.5265902691269373E-13, -3.0553424373858107E-12]
3615744,[-3.4948354973862727E-12, 2.395812498043326E-13, -7.161919169697273E-13, -1.6585124116078043E-12, -9.53629604211366E-14, -9.163184534061175E-13, -5.079769612760521E-13, 1.156336745106179E-12, -1.1655247079966902E-12, -2.539185658609333E-12]
3615748,[4.535644429481955E-12, -1.509450388032657E-13, 1.2306248685020615E-12, 2.8434908507651846E-12, 7.84347291434527E-14, 1.4284042698653465E-12, 3.601315751687595E-13, -1.76854407854532E-12, 1.8188887895842498E-12, 3.6127459530910233E-12]
3615756,[2.3200468604045454E-6, -3.625812610152934E-7, 4.106362894162885E-7, 1.1729117659342592E-6, 1.0679766404564361E-7, 4.2671800315474684E-7, 1.4078858612265321E-7, -7.59896522595227E-7, 8.168711929101846E-7, 2.0145043890806846E-6]
3615760,[-4.934431752090518E-10, -3.627483591284175E-10, -4.4848852409629103E-10, -8.143369312207938E-10, 4.9709653060503456E-11, -6.249417094927878E-10, -6.180389533483321E-11, 3.7856057177876323E-10, -3.5492672689763083E-10, -1.91587162801099E-10]
3615764,[-2.0591133242930937E-9, -8.874585510909583E-10, -1.1335323790717666E-9, -1.8290768899476006E-9, 9.883689006118246E-11, -1.7127474993827718E-9, -6.564260246477716E-10, 1.0217157120351317E-9, -9.261749145395015E-10, -6.161788301817239E-10]
3615768,[-1.3351738914479938E-7, -6.137569812381116E-7, -4.431684885730647E-7, -5.882695290893025E-7, 1.3418517141872144E-7, -6.94234927323123E-7, -1.9085537417140586E-7, 3.1686707302469586E-7, -1.9258503414221195E-7, 4.006298297554167E-7]
