72650,[-2.845061317202635E-5, 3.617015318013728E-5, 1.2541922842501663E-5, 2.292740191478515E-6, -7.386981906165602E-6, 2.862781911971979E-5, 1.3643386409967206E-5, -9.07129944494045E-8, -7.478291536244797E-6, -5.8194040320813656E-5]
75546,[1.1482124973039021E-10, -5.35790134481573E-10, -2.2371861307934893E-10, -1.8959613046209967E-10, 1.47456449828276E-10, -5.118597767861388E-10, -2.1351938273017623E-10, 1.7645805650001734E-10, 2.2636644295137565E-11, 6.380722616938783E-10]
197590,[-1.351959126247304E-12, 1.0225675558042657E-12, 3.563357291527791E-13, 9.237095544836413E-14, -1.7786905845765255E-13, 6.913523573071068E-13, 1.4555636427063257E-13, 1.5122244548162328E-13, -2.4548936559780354E-13, -1.7945441140032603E-12]
238214,[-2.906228857568749E-8, 9.091260011473423E-8, 5.418451820560222E-8, 5.214889498006414E-8, -1.2712848551643674E-8, 9.280623203267169E-8, 3.311501473035605E-8, -1.4761019073716852E-8, 7.587607875336744E-9, -1.0488868440461374E-7]
326798,[-1.4754569094277414E-12, 1.1820790657077196E-12, 1.979759672171566E-13, -5.067356582087734E-13, -2.5060083673998645E-13, 6.650334579902384E-13, 5.160207656139393E-13, 2.8366076306428345E-13, -5.28571706803066E-13, -2.428241201862802E-12]
350982,[5.159414140507579E-4, 5.675677675753832E-4, 0.0012648488627746701, -0.0010703488951548934, 1.2969870294909924E-4, -6.398425903171301E-4, -0.0029978810343891382, 0.0011801085202023387, -0.0016501338686794043, 1.759630540618673E-4]
384954,[5.448707891125837E-12, 3.7049329533120345E-13, 1.824375936779199E-12, 3.667542831931048E-12, 3.0816651043052284E-14, 2.3007249317502643E-12, 7.762023987965827E-13, -2.2078649672407913E-12, 2.2315430753261367E-12, 3.679640359771641E-12]
409386,[-5.302266872092565E-12, 8.171884393129436E-13, -1.090847247600668E-12, -2.9626644020008808E-12, -2.979119229952476E-13, -1.067457645713421E-12, -2.2701395071492853E-13, 1.7286368734006907E-12, -2.0186807954403196E-12, -4.749185419927748E-12]
615382,[0.21862705051898956, 0.09197533875703812, 0.11383107304573059, 0.0253840871155262, -0.006401661317795515, 0.20712170004844666, 0.1557150036096573, -0.09214023500680923, 0.07373350858688354, -0.049374375492334366]
767290,[0.44781360030174255, -1.114763617515564, 0.24186520278453827, 0.5507218837738037, 0.11647912114858627, -0.37671878933906555, -0.26992589235305786, -0.526567816734314, -0.2917298972606659, -1.0382566452026367]
953190,[-9.7981101010447E-10, 9.279731982836381E-10, 1.2881695710120766E-10, -4.116699481304664E-10, -2.686759703607322E-10, 5.151912230161315E-10, 4.1479805701349903E-10, 6.8587857615654E-11, -3.9211739411015856E-10, -1.7890341430515377E-9]
1015394,[8.125591557472944E-4, 0.001011025975458324, 0.002456413581967354, -0.002195993671193719, 2.617411664687097E-4, -0.001451634569093585, -0.0061726197600364685, 0.0024370145983994007, -0.003359399037435651, 4.2020942782983184E-4]
1154618,[2.634439055793081E-10, -6.943199348796725E-10, -4.148830723416097E-10, -4.3579329034315606E-10, 8.876030466176132E-11, -7.197499818367703E-10, -2.2473682637080827E-10, 9.664913314111345E-11, -5.3611368816541827E-11, 8.104065196690158E-10]
1205010,[5.159442080184817E-4, 5.675644497387111E-4, 0.0012648517731577158, -0.0010703500593081117, 1.2970014358870685E-4, -6.398424156941473E-4, -0.0029978821985423565, 0.0011800943175330758, -0.001650136662647128, 1.7596152611076832E-4]
1281790,[0.3891242742538452, -0.06840451806783676, -0.4077037572860718, 0.14747120440006256, -0.9491835832595825, -0.004744688514620066, -0.2726285755634308, 0.687423586845398, 0.5961772203445435, -0.25553902983665466]
1296950,[4.7117577196331695E-5, -2.5391716917511076E-5, -6.4831106101337355E-6, -2.419626298433286E-6, 5.45216198588605E-6, -1.4281908988778014E-5, 3.929777449229732E-6, -4.9136347115563694E-6, 8.422583960054908E-6, 4.784621705766767E-5]
1390922,[0.006793641485273838, 0.0117224445566535, -0.014536806382238865, -0.002752680331468582, 0.021242711693048477, -0.0065467036329209805, -0.014331345446407795, -0.002281104912981391, 0.013604317791759968, -0.00880642794072628]
1467986,[-2.1754961113812366E-12, 6.850671831030997E-13, -2.0391361396730062E-13, -1.0124522747956277E-12, -9.42807911277245E-14, 1.7789313113401352E-14, 1.693103936131063E-13, 7.537196778165112E-13, -8.030843785117314E-13, -2.4045221109353365E-12]
1506322,[0.3891242742538452, -0.06840451806783676, -0.4077037572860718, 0.14747120440006256, -0.9491835832595825, -0.004744688514620066, -0.2726285755634308, 0.687423586845398, 0.5961772203445435, -0.25553902983665466]
1604214,[1.0290037051607914E-12, -9.573505183047004E-13, -2.056597893287243E-13, 2.376303635202165E-13, 2.1013246210340591E-13, -6.337669646895583E-13, -3.952325933979234E-13, -1.2754489304989125E-13, 3.6590310859355157E-13, 1.8365307104944995E-12]
1775202,[0.3891242742538452, -0.06840451806783676, -0.4077037572860718, 0.14747120440006256, -0.9491835832595825, -0.004744688514620066, -0.2726285755634308, 0.687423586845398, 0.5961772203445435, -0.25553902983665466]
1818430,[-7.655703328224295E-13, 4.463481721814905E-13, 1.1636434274920476E-13, -1.0159467668177657E-13, -7.291540824903506E-14, 2.2212472746557799E-13, 7.204599330318251E-14, 1.548289220356519E-13, -1.7492225116294557E-13, -9.377983415867486E-13]
1875450,[-1.5232774330797838E-6, 4.833444791074726E-7, -1.398183400169728E-7, -6.547953717017663E-7, -1.359027379521649E-7, -5.787167012272221E-8, 8.152891695090148E-9, 3.9867921941549866E-7, -5.065995196673612E-7, -1.5413811524922494E-6]
2036838,[6.825170544288994E-7, -2.0463409100557328E-7, 9.78469785195557E-8, 2.7652532708088984E-7, 9.792332633651313E-8, 4.0479246621316634E-8, 5.676788461528304E-8, -1.1257038323719826E-7, 2.336359443688707E-7, 6.414714448510495E-7]
2066974,[1.1079583168029785, 0.8962668776512146, 1.1014047861099243, -0.7154812216758728, 0.24405208230018616, -0.026159292086958885, -1.8966906070709229, 0.672186553478241, -1.0027357339859009, -0.13656458258628845]
2188098,[-6.497352733276784E-4, 8.864313713274896E-5, -1.3218290405347943E-4, -3.37052479153499E-4, -3.3822212571976706E-5, -1.3646570732817054E-4, -5.238596713752486E-5, 2.066373563138768E-4, -2.3581901041325182E-4, -5.446726572699845E-4]
2232766,[8.106493585126676E-14, -4.943922333154604E-13, -2.61804141733768E-13, -2.4980652312336926E-13, 1.0126238226843692E-13, -5.085359759161856E-13, -1.9454778771039322E-13, 1.3989170607499324E-13, -3.3537022714035664E-14, 5.299287484522575E-13]
2272426,[-4.578660367515752E-11, -9.551720836498134E-8, -5.955572746074722E-8, -6.226089510619204E-8, 1.7708797983573277E-8, -1.0243883963312328E-7, -3.956384375669586E-8, 3.14688719527112E-8, -1.567931384727217E-8, 9.036350689939354E-8]
2414362,[0.3891242742538452, -0.06840451806783676, -0.4077037572860718, 0.14747120440006256, -0.9491835832595825, -0.004744688514620066, -0.2726285755634308, 0.687423586845398, 0.5961772203445435, -0.25553902983665466]
2458454,[-2.0014720404030323E-13, -6.444889110238106E-13, -3.342128277687012E-13, -2.557679545586722E-13, 1.0928313375763166E-13, -7.52504991912567E-13, -4.675725952252296E-13, 1.821518738794048E-13, -2.3591856414392418E-14, 7.020030715586267E-13]
2461466,[0.016700584441423416, 0.25257816910743713, 0.8229044675827026, -0.2540212571620941, -0.14124338328838348, -1.039642572402954, 0.35892245173454285, -0.04596257582306862, 0.62429279088974, -0.08752559870481491]
2593658,[-3.6043839354155116E-12, -4.963164753311877E-13, -1.3789384131074334E-12, -2.6223283527276875E-12, -7.637021000133064E-15, -1.843758002176288E-12, -6.347926741548382E-13, 1.5010431049164441E-12, -1.5165332097749618E-12, -2.1750559252992074E-12]
2611506,[3.614291643749823E-10, 5.3096366192662E-10, 5.093157007252103E-10, 7.156563675003724E-10, -3.6864074293152527E-11, 7.701934090498241E-10, 2.3569701745884686E-10, -2.7259086654574105E-10, 2.8927896189578917E-10, -1.8540267932021237E-10]
2623270,[-1.64164103318154E-12, -4.3500462563669795E-13, -8.20447984724304E-13, -1.4512878745986946E-12, -6.155551735649231E-14, -1.192812233534457E-12, -4.0423228458118243E-13, 6.364066175088001E-13, -7.520912603635466E-13, -7.842902759527814E-13]
2683810,[-0.4661030173301697, 0.13742108643054962, 0.6859946250915527, 1.1034938097000122, 0.31191498041152954, 0.3073917627334595, -0.3964443802833557, 0.2689194679260254, 0.5359251499176025, 0.2647554576396942]
2855898,[-2.7588663797928348E-8, -8.592275335672639E-9, -1.4070823617373662E-8, -2.1950716799779002E-8, -1.6470396158041467E-9, -2.129876008893916E-8, -1.0350708734563341E-8, 8.625392844407997E-9, -1.1277391465114306E-8, -8.268317586157536E-9]
2896086,[9.29278670810163E-4, -4.930240102112293E-4, -1.2224866077303886E-4, -3.3031206839950755E-5, 1.0107149137184024E-4, -2.7580655296333134E-4, 5.7364908570889384E-5, -1.1691878171404824E-4, 1.8571323016658425E-4, 9.876213734969497E-4]
2990586,[-1.8446728233811882E-7, 3.978906093493606E-8, -3.169931872548659E-8, -9.426350544572415E-8, -1.3241122864826593E-8, -2.4615498972480054E-8, -4.936821618173326E-9, 5.4846644559347624E-8, -6.845250766218669E-8, -1.7428898502203083E-7]
3032474,[-0.17370589077472687, -0.5459045767784119, 0.4006246328353882, -0.6786052584648132, 0.16575579345226288, 0.6764203906059265, -0.25810959935188293, -0.34451887011528015, 0.5321409106254578, -0.05711302161216736]
3164794,[1.1482124973039021E-10, -5.35790134481573E-10, -2.2371861307934893E-10, -1.8959613046209967E-10, 1.47456449828276E-10, -5.118597767861388E-10, -2.1351938273017623E-10, 1.7645805650001734E-10, 2.2636644295137565E-11, 6.380722616938783E-10]
3188542,[1.2134050431100718E-9, -1.8771742493761678E-10, 2.2157971291125733E-10, 5.950905879181789E-10, 4.940638870243319E-11, 1.977236568917462E-10, 8.163665576876866E-11, -3.9674755147878216E-10, 4.34466213006246E-10, 1.049752729187503E-9]
3223738,[-4.357986410977177E-13, 2.194802933147555E-12, 1.3025602731836505E-12, 1.230068022266273E-12, -3.5862637729269786E-13, 2.2415788843155315E-12, 8.770333634680605E-13, -4.872247353834847E-13, 2.2509130789740567E-13, -2.3921253432951373E-12]
3236602,[9.260233491659164E-4, 0.001068888115696609, 0.0024658225011080503, -0.0021351834293454885, 2.5872315745800734E-4, -0.0013373125111684203, -0.005997414235025644, 0.0023633718956261873, -0.0032847679685801268, 3.757094673346728E-4]
3318706,[3.380425661614339E-10, -6.80733081015461E-10, -2.6709615075226623E-10, -2.3169752227936158E-10, 1.9946615192889539E-10, -5.810278924656131E-10, -1.6693986470972533E-10, 2.0013100898719216E-10, 3.8396397172846264E-11, 8.285042096822792E-10]
3342526,[-1.7711376131046563E-5, 2.981245233968366E-5, 1.1813616765721235E-5, 4.275357696315041E-6, -6.388555448211264E-6, 2.452677108522039E-5, 1.2275167136976961E-5, -2.4966823275462957E-6, -4.089773938176222E-6, -4.420299956109375E-5]
3382850,[-2.6056463844209565E-12, -5.262401300311359E-13, -9.082455382398991E-13, -1.6795525473872752E-12, 1.587276723903283E-13, -1.3691233476803566E-12, -5.703913361597424E-13, 1.2485261305719697E-12, -9.766073583508672E-13, -1.3140098818059665E-12]
3454318,[-2.079243027752753E-12, -7.339689836807772E-13, -1.141902544743445E-12, -2.019502837527498E-12, 1.0484862489942154E-13, -1.5410900637211067E-12, -4.028173465359802E-13, 1.1209852490701167E-12, -1.0478863870372335E-12, -1.0057436654331564E-12]
3472074,[2.565783496777385E-8, -6.012738307248355E-9, 4.878325299273456E-9, 1.3892536010473577E-8, 2.3269675075709984E-9, 2.9803115531024105E-9, 1.3022756484293296E-11, -7.192098028241389E-9, 1.0474856537712185E-8, 2.625340123074693E-8]
3477778,[1.898918213782963E-7, -5.2319460763783354E-8, 2.293790402063678E-8, 8.978491194966409E-8, 1.2762368939434054E-8, 1.2021602380229979E-8, -3.1511357967417553E-9, -5.7497512528925654E-8, 6.798081386705235E-8, 1.932754400968406E-7]
3493378,[5.159414140507579E-4, 5.675677675753832E-4, 0.0012648488627746701, -0.0010703488951548934, 1.2969870294909924E-4, -6.398425903171301E-4, -0.0029978810343891382, 0.0011801085202023387, -0.0016501338686794043, 1.759630540618673E-4]
3525254,[0.09786265343427658, 0.023465733975172043, 0.04165126755833626, 0.07243341952562332, -0.002848875243216753, 0.05811953544616699, 0.023169441148638725, -0.04418414831161499, 0.04094448685646057, 0.04742065444588661]
3585278,[-0.001518866396509111, 3.1297848909161985E-4, -2.865613205358386E-4, -9.064860641956329E-4, -7.467159593943506E-5, -1.998057559831068E-4, 5.901112672290765E-5, 5.486597074195743E-4, -6.117134471423924E-4, -0.00154694146476686]
3592766,[-1.114109455732648E-12, 1.1050886497120799E-13, -2.8313354265285806E-13, -6.678483720906625E-13, -6.86834080278545E-14, -3.082031158063714E-13, -9.594177530344514E-14, 3.5900549568736173E-13, -4.2993115578066066E-13, -8.993388173929306E-13]
3604006,[2.565783496777385E-8, -6.012738307248355E-9, 4.878325299273456E-9, 1.3892536010473577E-8, 2.3269675075709984E-9, 2.9803115531024105E-9, 1.3022756484293296E-11, -7.192098028241389E-9, 1.0474856537712185E-8, 2.625340123074693E-8]
3607306,[-0.17370589077472687, -0.5459045767784119, 0.4006246328353882, -0.6786052584648132, 0.16575579345226288, 0.6764203906059265, -0.25810959935188293, -0.34451887011528015, 0.5321409106254578, -0.05711302161216736]
3608558,[4.6821057912893593E-4, 5.405774572864175E-4, 0.0012477359268814325, -0.0010803983313962817, 1.3067384134046733E-4, -6.76764000672847E-4, -0.00303457910194993, 0.0011959114344790578, -0.00166222860570997, 1.9026944937650114E-4]
3609750,[0.016700584441423416, 0.25257816910743713, 0.8229044675827026, -0.2540212571620941, -0.14124338328838348, -1.039642572402954, 0.35892245173454285, -0.04596257582306862, 0.62429279088974, -0.08752559870481491]
3612078,[0.005891113076359034, 0.010452504269778728, -0.01641608029603958, -5.593951209448278E-4, 0.020349107682704926, -0.0048997593112289906, -0.007937772199511528, -0.0045706541277468204, 0.016429437324404716, -0.008970058523118496]
3612622,[0.4317283034324646, -0.1364559382200241, 0.03117714263498783, 0.17110083997249603, 0.02546035498380661, -0.001428423565812409, -0.008713559247553349, -0.13008750975131989, 0.14188462495803833, 0.4455033242702484]
3612626,[0.3891242742538452, -0.06840451806783676, -0.4077037572860718, 0.14747120440006256, -0.9491835832595825, -0.004744688514620066, -0.2726285755634308, 0.687423586845398, 0.5961772203445435, -0.25553902983665466]
3612686,[2.565783496777385E-8, -6.012738307248355E-9, 4.878325299273456E-9, 1.3892536010473577E-8, 2.3269675075709984E-9, 2.9803115531024105E-9, 1.3022756484293296E-11, -7.192098028241389E-9, 1.0474856537712185E-8, 2.625340123074693E-8]
3613278,[-3.41380916590861E-12, 8.896242032971347E-13, -2.777694252994317E-13, -1.1787312662395188E-12, -1.427345248288317E-13, -1.0342741203414607E-13, -1.5404726647939848E-13, 1.0272754868978495E-12, -1.057940844303995E-12, -3.1820147645272856E-12]
3613286,[4.607541344986421E-12, -4.656542621113424E-13, 1.0699131467936662E-12, 2.629646066870661E-12, 2.4779511125297415E-13, 1.2162731759246537E-12, 3.943097205087037E-13, -1.494783897354468E-12, 1.7357417586572055E-12, 3.783457054595818E-12]
3613934,[0.8165969252586365, 0.4579593539237976, 0.3344912528991699, 0.14151901006698608, -0.06453774869441986, 0.6510775685310364, 0.6649330854415894, -0.25099289417266846, 0.15310417115688324, -0.2583905756473541]
3613938,[0.8165969252586365, 0.4579593539237976, 0.3344912528991699, 0.14151901006698608, -0.06453774869441986, 0.6510775685310364, 0.6649330854415894, -0.25099289417266846, 0.15310417115688324, -0.2583905756473541]
3614210,[0.44781360030174255, -1.114763617515564, 0.24186520278453827, 0.5507218837738037, 0.11647912114858627, -0.37671878933906555, -0.26992589235305786, -0.526567816734314, -0.2917298972606659, -1.0382566452026367]
3614646,[-1.96259222207118E-7, 7.518102052017639E-8, -1.0869249500444766E-8, -7.462295315008305E-8, -1.7760903858743404E-8, 1.1929800258769774E-8, 8.489505987085977E-9, 5.007478520724362E-8, -6.59862777752096E-8, -2.1602797062314494E-7]
3614922,[1.456123555065858E-9, 4.9348116738789916E-12, 3.3991104375630243E-10, 7.436760096624084E-10, 2.7635263868952542E-12, 4.964956779041074E-10, 2.50284654113031E-10, -5.405049186002486E-10, 4.793239694045326E-10, 9.358696040351333E-10]
3614970,[-7.602243567816913E-4, 1.6754548414610326E-4, -1.455945457564667E-4, -4.643708816729486E-4, -4.954787436872721E-5, -1.1086179438279942E-4, 3.46926499332767E-5, 2.58455314906314E-4, -3.127413219772279E-4, -7.870351546443999E-4]
3614978,[5.159414140507579E-4, 5.675677675753832E-4, 0.0012648488627746701, -0.0010703488951548934, 1.2969870294909924E-4, -6.398425903171301E-4, -0.0029978810343891382, 0.0011801085202023387, -0.0016501338686794043, 1.759630540618673E-4]
3614982,[-5.804070042358944E-6, 4.239839199726703E-6, 1.2736537655655411E-6, -1.0427117302924671E-7, -7.912723845038272E-7, 2.692296902750968E-6, 7.527134471274621E-7, 7.690797474424471E-7, -1.2556065485114232E-6, -7.830282811482903E-6]
3614986,[0.0013737590052187443, 0.0015853511868044734, 0.003655243432149291, -0.003165183588862419, 3.8423953810706735E-4, -0.0019821501336991787, -0.008890765719115734, 0.003503259038552642, -0.004868881311267614, 5.564464372582734E-4]
3614990,[1.7112057548729354E-7, -1.9356974689799245E-8, 3.999576136948235E-8, 1.0239721603966245E-7, 6.720621836819873E-9, 4.072503045904341E-8, 7.251076183933947E-9, -6.145342013041954E-8, 6.777386829526222E-8, 1.498744808259289E-7]
3614994,[0.09786265343427658, 0.023465733975172043, 0.04165126755833626, 0.07243341952562332, -0.002848875243216753, 0.05811953544616699, 0.023169441148638725, -0.04418414831161499, 0.04094448685646057, 0.04742065444588661]
3614998,[0.8976069688796997, -0.5557067394256592, -0.1375398188829422, 0.1012364998459816, 0.06943809241056442, -0.34751835465431213, -0.11839450150728226, -0.20671826601028442, 0.22549426555633545, 1.1576446294784546]
3615002,[0.8976069688796997, -0.5557067394256592, -0.1375398188829422, 0.1012364998459816, 0.06943809241056442, -0.34751835465431213, -0.11839450150728226, -0.20671826601028442, 0.22549426555633545, 1.1576446294784546]
3615006,[-0.04237150028347969, 0.003603861667215824, -0.008867044933140278, -0.022386593744158745, -9.281327947974205E-4, -0.010616101324558258, -0.003806411288678646, 0.015361114405095577, -0.015163124538958073, -0.03392504155635834]
3615010,[0.2220965474843979, -0.07053671032190323, 0.01585841178894043, 0.08757051825523376, 0.012833908200263977, -0.001432486460544169, -0.0045916251838207245, -0.06666316837072372, 0.07314411550760269, 0.22918589413166046]
3615014,[0.016700584441423416, 0.25257816910743713, 0.8229044675827026, -0.2540212571620941, -0.14124338328838348, -1.039642572402954, 0.35892245173454285, -0.04596257582306862, 0.62429279088974, -0.08752559870481491]
3615018,[4.659133864305665E-13, 1.5113341893073506E-13, 2.973663253569986E-13, 5.955016211048325E-13, -1.4995388489410198E-14, 3.8196719008218305E-13, 3.393850108444115E-15, -2.915932469441107E-13, 2.91212664876514E-13, 3.250605080246105E-13]
3615022,[-4.2364465342899227E-13, -1.2757206315633374E-12, -1.1358123643001594E-12, -1.5690321221104031E-12, 1.3376189804230332E-13, -1.6595084681436667E-12, -4.0177737981213213E-13, 5.834115200491208E-13, -5.936159224763371E-13, 6.337857755972509E-13]
3615026,[2.125597031721327E-9, -5.204782715928502E-10, 2.109405428107891E-10, 8.007255414277381E-10, 8.356960262689839E-11, 1.0718561455069775E-10, 8.351824787311557E-11, -6.642114080968042E-10, 6.866923696335903E-10, 1.98503369297498E-9]
3615038,[0.005891113076359034, 0.010452504269778728, -0.01641608029603958, -5.593951209448278E-4, 0.020349107682704926, -0.0048997593112289906, -0.007937772199511528, -0.0045706541277468204, 0.016429437324404716, -0.008970058523118496]
3615042,[1.1654941456384904E-9, 2.388193531821514E-10, 6.240187255812657E-10, 1.1581363645873921E-9, 7.991328432321865E-11, 7.973894877721932E-10, 1.8142000401955016E-10, -4.466639003108952E-10, 6.142256703256521E-10, 7.39775740665749E-10]
3615046,[0.3891242742538452, -0.06840451806783676, -0.4077037572860718, 0.14747120440006256, -0.9491835832595825, -0.004744688514620066, -0.2726285755634308, 0.687423586845398, 0.5961772203445435, -0.25553902983665466]
3615050,[-1.5232774330797838E-6, 4.833444791074726E-7, -1.398183400169728E-7, -6.547953717017663E-7, -1.359027379521649E-7, -5.787167012272221E-8, 8.152891695090148E-9, 3.9867921941549866E-7, -5.065995196673612E-7, -1.5413811524922494E-6]
3615054,[-2.6282155705242838E-12, 1.7439233650912156E-12, 4.2733197080750684E-13, -3.0322353785847134E-13, -3.0992238940139027E-13, 1.0196984315952173E-12, 3.6442179027033894E-13, 4.650153959812053E-13, -6.636044253167939E-13, -3.4929327225735607E-12]
3615058,[0.21862705051898956, 0.09197533875703812, 0.11383107304573059, 0.0253840871155262, -0.006401661317795515, 0.20712170004844666, 0.1557150036096573, -0.09214023500680923, 0.07373350858688354, -0.049374375492334366]
3615062,[-1.2028933621746618E-12, -1.4974957038282888E-13, -5.268245150021056E-13, -9.33253257659472E-13, -1.0457377964869646E-13, -6.760333937615159E-13, -2.804734797277192E-13, 3.53792787167323E-13, -5.227913371305681E-13, -6.736283080822913E-13]
3615070,[-1.987994594247408E-13, 1.1194191190319613E-12, 7.062987347761229E-13, 7.167478958437778E-13, -1.2536954981101633E-13, 1.2305754288829962E-12, 4.723176602432211E-13, -1.8784450449109424E-13, 1.2963615641028992E-13, -1.231578641153197E-12]
3615074,[-2.906228857568749E-8, 9.091260011473423E-8, 5.418451820560222E-8, 5.214889498006414E-8, -1.2712848551643674E-8, 9.280623203267169E-8, 3.311501473035605E-8, -1.4761019073716852E-8, 7.587607875336744E-9, -1.0488868440461374E-7]
3615078,[0.2220965474843979, -0.07053671032190323, 0.01585841178894043, 0.08757051825523376, 0.012833908200263977, -0.001432486460544169, -0.0045916251838207245, -0.06666316837072372, 0.07314411550760269, 0.22918589413166046]
3615082,[0.00102030741982162, 0.0011222201865166426, 0.0024996334686875343, -0.0021153809502720833, 2.567927585914731E-4, -0.0012643758673220873, -0.005924916360527277, 0.0023321378976106644, -0.003260910278186202, 3.474429831840098E-4]
3615086,[-3.8410863031912434E-12, 2.2110384269996564E-12, 2.0977500064713744E-13, -1.1263597476593445E-12, -4.657591044614218E-13, 1.0212890646024708E-12, 5.807067608894212E-13, 8.127936258067736E-13, -1.237797191133705E-12, -5.061175003401308E-12]
3615090,[-0.07360351830720901, -0.006578240543603897, -0.030857866629958153, -0.06558112800121307, -0.0016040364280343056, -0.03685928136110306, -0.00397699186578393, 0.03272906690835953, -0.036392830312252045, -0.057324476540088654]
3615094,[5.4534400106831527E-8, 1.846336949995475E-8, 2.691208500493758E-8, 4.8580293565692045E-8, 1.4776619927658885E-9, 4.512131468459302E-8, 1.7250702200044543E-8, -2.0801307343276676E-8, 2.1800154570428276E-8, 1.7541008645594047E-8]
3615098,[3.0447085737250745E-4, 6.003098678775132E-4, 4.82009956613183E-4, 8.317212923429906E-4, -1.5831345808692276E-4, 7.683273288421333E-4, 9.288090950576589E-5, -4.6587540418840945E-4, 2.8306880267336965E-4, -1.5935060218907893E-4]
3615102,[-1.96259222207118E-7, 7.518102052017639E-8, -1.0869249500444766E-8, -7.462295315008305E-8, -1.7760903858743404E-8, 1.1929800258769774E-8, 8.489505987085977E-9, 5.007478520724362E-8, -6.59862777752096E-8, -2.1602797062314494E-7]
3615106,[0.003720113541930914, 9.935947600752115E-4, 0.0043084025382995605, -0.0014293115818873048, 5.039534298703074E-4, -0.0016695226076990366, -0.00955432839691639, 0.0027313395403325558, -0.004012421704828739, 0.0033604332711547613]
3615114,[-4.5314129510330703E-13, 3.054768843614589E-15, -3.805452589329683E-13, -9.12613084061431E-13, -8.122051208675485E-14, -3.0709785300668535E-13, 2.3679753362142175E-13, 2.5596660750172584E-13, -4.5427575004648724E-13, -7.205607096237576E-13]
3615118,[-1.558503326393179E-10, 3.8951994407732116E-10, 2.693721079527478E-10, 2.985888480910859E-10, -3.4833032291903265E-11, 4.0726094718834815E-10, 1.0523035914866696E-10, -4.715968240920354E-11, 6.557420578756634E-11, -4.183876300967171E-10]
3615122,[2.609170692002838E-12, 7.794916513474692E-13, 1.3736350381807205E-12, 2.365551764887952E-12, -4.796202091083071E-14, 1.7889178636695813E-12, 5.482979521798104E-13, -1.2471381349507538E-12, 1.2864939148704568E-12, 1.316491728999003E-12]
3615126,[6.209993075323439E-10, 4.4989827835406615E-11, 1.8623443065468592E-10, 3.6917865986474396E-10, -1.7551226314319046E-12, 2.568242007949806E-10, 1.1254720072573221E-10, -2.437657853349151E-10, 2.3070213794884609E-10, 3.8772521304686336E-10]
3615130,[-2.151177239811952E-12, 6.062602676826234E-13, -1.3877427310592105E-13, -6.886046637413767E-13, -1.0305960999965752E-13, -1.3566073753994243E-14, -9.139046398994044E-14, 6.16759681520973E-13, -6.546187745516685E-13, -2.0482051384801414E-12]
3615134,[-1.3398419743473888E-12, 2.434023685729536E-12, 1.2242470492224156E-12, 9.30401697525618E-13, -4.3532975076317204E-13, 2.1888480611353955E-12, 7.933584887133416E-13, -2.8424539198074195E-13, -4.419133177338379E-14, -3.203522299863315E-12]
3615138,[-9.016863319367963E-13, 8.00832924280348E-13, 1.3272628167967232E-13, -2.3914117214252073E-13, -2.3575358245458977E-13, 4.5322976600058185E-13, 2.742546044865596E-13, 3.4303075923400664E-14, -3.2187975700613547E-13, -1.5231695028525283E-12]
3615142,[-2.338417289138306E-6, -9.299600947088038E-7, -2.5162019028357463E-6, -6.039536856405903E-6, -1.3286383193644724E-7, -2.909806198658771E-6, 1.4610832295147702E-6, 2.06551885639783E-6, -2.711825345613761E-6, -3.5947139167546993E-6]
3615146,[0.44781360030174255, -1.114763617515564, 0.24186520278453827, 0.5507218837738037, 0.11647912114858627, -0.37671878933906555, -0.26992589235305786, -0.526567816734314, -0.2917298972606659, -1.0382566452026367]
3615150,[-0.07360351830720901, -0.006578240543603897, -0.030857866629958153, -0.06558112800121307, -0.0016040364280343056, -0.03685928136110306, -0.00397699186578393, 0.03272906690835953, -0.036392830312252045, -0.057324476540088654]
3615154,[-8.627935588201296E-10, 1.6511959854970115E-10, -1.3510885465972677E-10, -3.7045536083191166E-10, -3.751374211269365E-11, -9.978018411516132E-11, -5.665782426556021E-11, 2.7281502057441287E-10, -3.015437899378526E-10, -7.654260003597813E-10]
3615158,[0.21487554907798767, -0.6291158199310303, 0.17128506302833557, -0.2736649811267853, 0.9622247219085693, 0.01661183312535286, 0.7119661569595337, 1.4737693071365356, -0.04252241179347038, -0.1759304404258728]
3615166,[0.0013737590052187443, 0.0015853511868044734, 0.003655243432149291, -0.003165183588862419, 3.8423953810706735E-4, -0.0019821501336991787, -0.008890765719115734, 0.003503259038552642, -0.004868881311267614, 5.564464372582734E-4]
3615170,[4.6822786680422723E-4, 5.40573091711849E-4, 0.0012477338314056396, -0.001080397400073707, 1.3067107647657394E-4, -6.767642335034907E-4, -0.003034575143828988, 0.0011959087569266558, -0.0016622270923107862, 1.9027340749744326E-4]
3615174,[-1.1454145715106279E-4, 1.2372279888950288E-4, -1.7424648603991955E-6, -9.746458090376109E-5, -4.1670515201985836E-5, 6.470412336057052E-5, 8.073579374467954E-5, 1.0101543921336997E-5, -7.08946754457429E-5, -2.5904373615048826E-4]
3615178,[0.3891242742538452, -0.06840451806783676, -0.4077037572860718, 0.14747120440006256, -0.9491835832595825, -0.004744688514620066, -0.2726285755634308, 0.687423586845398, 0.5961772203445435, -0.25553902983665466]
3615182,[1.3893238772974548E-12, -1.0305461995915866E-12, -3.236290087912236E-13, -2.3892693718136938E-14, 1.483335752405085E-13, -7.448793101424989E-13, -2.1491228935355267E-13, -2.286882163672621E-13, 3.1968652443141454E-13, 1.9451471683362698E-12]
3615186,[0.3891242742538452, -0.06840451806783676, -0.4077037572860718, 0.14747120440006256, -0.9491835832595825, -0.004744688514620066, -0.2726285755634308, 0.687423586845398, 0.5961772203445435, -0.25553902983665466]
3615190,[1.9604816901830358E-12, 9.901335393941446E-14, 4.591654747393425E-13, 8.332480755726679E-13, -5.650168003010648E-15, 7.171991949980749E-13, 5.168773937504201E-13, -6.731056142149361E-13, 5.76018074384399E-13, 1.0110388004233584E-12]
3615194,[-6.356226851279845E-13, 5.660546358900176E-13, 2.757423738126985E-13, 2.000434052348149E-13, -5.72652887023857E-14, 4.582091542131017E-13, 9.17363922455991E-14, 8.173612475867106E-14, -5.967066576094415E-14, -8.917910897590642E-13]
3615198,[6.209993075323439E-10, 4.4989827835406615E-11, 1.8623443065468592E-10, 3.6917865986474396E-10, -1.7551226314319046E-12, 2.568242007949806E-10, 1.1254720072573221E-10, -2.437657853349151E-10, 2.3070213794884609E-10, 3.8772521304686336E-10]
3615202,[9.696224587969482E-4, 0.0010943242814391851, 0.0024872187059372663, -0.0021325196139514446, 2.54660815699026E-4, -0.0013033549766987562, -0.005968215875327587, 0.0023516539949923754, -0.003276601666584611, 3.637547488324344E-4]
3615206,[0.001997400540858507, 0.0027433631476014853, 0.007033552974462509, -0.006495748646557331, 7.762506720609963E-4, -0.004529910162091255, -0.018311841413378716, 0.007239655125886202, -0.009900608099997044, 0.0013338576536625624]
3615214,[-1.238479208076626E-9, 1.1906385877225034E-9, 3.6698666328049967E-10, -4.648842075183346E-11, -2.3495541623397287E-10, 8.438887921791149E-10, 3.7909964056837E-10, 1.0893581869897417E-10, -3.1131786037974507E-10, -2.05925698715248E-9]
3615218,[0.006793641485273838, 0.0117224445566535, -0.014536806382238865, -0.002752680331468582, 0.021242711693048477, -0.0065467036329209805, -0.014331345446407795, -0.002281104912981391, 0.013604317791759968, -0.00880642794072628]
3615222,[0.09786265343427658, 0.023465733975172043, 0.04165126755833626, 0.07243341952562332, -0.002848875243216753, 0.05811953544616699, 0.023169441148638725, -0.04418414831161499, 0.04094448685646057, 0.04742065444588661]
3615226,[-6.579004008244738E-8, 1.4115445701179397E-8, -6.523766860055957E-9, -2.2492406159813072E-8, -2.9043107918624855E-9, -5.8929732205115215E-9, -6.2786864596375835E-9, 1.8943136836924168E-8, -1.952269990113109E-8, -5.5899693762739844E-8]
3615230,[1.2134050431100718E-9, -1.8771742493761678E-10, 2.2157971291125733E-10, 5.950905879181789E-10, 4.940638870243319E-11, 1.977236568917462E-10, 8.163665576876866E-11, -3.9674755147878216E-10, 4.34466213006246E-10, 1.049752729187503E-9]
3615234,[5.13999389925579E-12, -1.3211608456548118E-12, 5.432879623609721E-13, 1.9540521544597622E-12, 3.2442768632158503E-13, 2.97494532263895E-13, 2.661675404819902E-13, -1.4267818697344392E-12, 1.6597762660802706E-12, 4.771899021760451E-12]
3615238,[3.641311644569933E-12, 4.844180070094628E-14, 1.0697151714769704E-12, 2.3700327724668346E-12, 1.0155393100888185E-14, 1.310656119225817E-12, 3.5350249203564E-13, -1.5000591914449135E-12, 1.4696056871432717E-12, 2.730718429155843E-12]
3615242,[-2.7271811632090248E-5, -2.2256965337419388E-7, -7.2010875555861276E-6, -1.5094602531462442E-5, 2.1421818985345453E-8, -8.972072464530356E-6, -3.9495221244578715E-6, 1.0591804311843589E-5, -1.0055890925286803E-5, -1.896231151476968E-5]
3615246,[-5.80406776862219E-6, 4.239837380737299E-6, 1.2736533108181902E-6, -1.0427100960441749E-7, -7.912719865998952E-7, 2.6922955385089153E-6, 7.527129923801112E-7, 7.690795200687717E-7, -1.2556058663903968E-6, -7.830279173504096E-6]
3615250,[-1.5436805479718263E-12, -9.779623942260396E-13, -1.0672947985471137E-12, -1.5523698862832114E-12, 5.623558462972654E-14, -1.6874685242890264E-12, -7.222124916335393E-13, 7.390417488054024E-13, -7.157520019382413E-13, -4.94835190889293E-14]
3615254,[3.3386726543127576E-12, 8.867416485336746E-14, 1.107269224226437E-12, 2.309846324627385E-12, 1.2235869327296978E-13, 1.3561966220182464E-12, 4.0616042972473065E-13, -1.2292394749660596E-12, 1.4032128323876458E-12, 2.439412170526789E-12]
3615258,[-6.497352733276784E-4, 8.864313713274896E-5, -1.3218290405347943E-4, -3.37052479153499E-4, -3.3822212571976706E-5, -1.3646570732817054E-4, -5.238596713752486E-5, 2.066373563138768E-4, -2.3581901041325182E-4, -5.446726572699845E-4]
3615270,[5.159414140507579E-4, 5.675677675753832E-4, 0.0012648488627746701, -0.0010703488951548934, 1.2969870294909924E-4, -6.398425903171301E-4, -0.0029978810343891382, 0.0011801085202023387, -0.0016501338686794043, 1.759630540618673E-4]
3615274,[0.2220965474843979, -0.07053671032190323, 0.01585841178894043, 0.08757051825523376, 0.012833908200263977, -0.001432486460544169, -0.0045916251838207245, -0.06666316837072372, 0.07314411550760269, 0.22918589413166046]
3615278,[-0.4661030173301697, 0.13742108643054962, 0.6859946250915527, 1.1034938097000122, 0.31191498041152954, 0.3073917627334595, -0.3964443802833557, 0.2689194679260254, 0.5359251499176025, 0.2647554576396942]
3615282,[-9.493862362930372E-10, 1.611399014223025E-9, 6.761775583896679E-10, 3.7359373927792205E-10, -3.3579061753385986E-10, 1.388234194266147E-9, 5.816281345438767E-10, -1.7480678016212892E-10, -1.6005397007745614E-10, -2.270181820307471E-9]
3615286,[0.21487554907798767, -0.6291158199310303, 0.17128506302833557, -0.2736649811267853, 0.9622247219085693, 0.01661183312535286, 0.7119661569595337, 1.4737693071365356, -0.04252241179347038, -0.1759304404258728]
3615290,[2.4628860149228382E-12, 2.648057825533484E-13, 1.086854130999404E-12, 2.1855297519662864E-12, 8.463915061440036E-14, 1.2907908249204514E-12, 2.2047333847908385E-13, -1.03604657405304E-12, 1.219499111068667E-12, 1.804180719752746E-12]
3615294,[0.2220965474843979, -0.07053671032190323, 0.01585841178894043, 0.08757051825523376, 0.012833908200263977, -0.001432486460544169, -0.0045916251838207245, -0.06666316837072372, 0.07314411550760269, 0.22918589413166046]
3615298,[-0.4661030173301697, 0.13742108643054962, 0.6859946250915527, 1.1034938097000122, 0.31191498041152954, 0.3073917627334595, -0.3964443802833557, 0.2689194679260254, 0.5359251499176025, 0.2647554576396942]
3615302,[-1.6201370245383373E-9, 6.646552752620494E-10, 1.5149555221416477E-11, -3.776585433268309E-10, -1.3221625183579278E-10, 2.053320014017146E-10, -4.683605499961052E-12, 3.683189864212011E-10, -4.5741976872903933E-10, -1.7170964650148335E-9]
3615306,[-0.17370589077472687, -0.5459045767784119, 0.4006246328353882, -0.6786052584648132, 0.16575579345226288, 0.6764203906059265, -0.25810959935188293, -0.34451887011528015, 0.5321409106254578, -0.05711302161216736]
3615310,[-3.2478952253361948E-12, 3.37950614758345E-13, -6.981290545660102E-13, -1.816727866234269E-12, -8.124519123870605E-14, -7.720178663017663E-13, -1.8663274593301582E-13, 1.2000852785479244E-12, -1.222433937929368E-12, -2.750453077099424E-12]
3615314,[0.21862705051898956, 0.09197533875703812, 0.11383107304573059, 0.0253840871155262, -0.006401661317795515, 0.20712170004844666, 0.1557150036096573, -0.09214023500680923, 0.07373350858688354, -0.049374375492334366]
3615318,[-7.602243567816913E-4, 1.6754548414610326E-4, -1.455945457564667E-4, -4.643708816729486E-4, -4.954787436872721E-5, -1.1086179438279942E-4, 3.46926499332767E-5, 2.58455314906314E-4, -3.127413219772279E-4, -7.870351546443999E-4]
3615322,[-0.14353100955486298, -0.01318837609142065, -0.06009411811828613, -0.1281585991382599, -0.003048444166779518, -0.07227189838886261, -0.00783619750291109, 0.06419508159160614, -0.07062587141990662, -0.11142320185899734]
3615326,[1.6015354598053477E-9, -2.0079269358319607E-9, -8.826713804310771E-10, -5.078728548824074E-10, 3.5072214576992167E-10, -1.6613581621527373E-9, -5.852276996343164E-10, 3.196293577034659E-11, 2.1904196512156915E-10, 2.989885894422173E-9]
3615330,[0.016700584441423416, 0.25257816910743713, 0.8229044675827026, -0.2540212571620941, -0.14124338328838348, -1.039642572402954, 0.35892245173454285, -0.04596257582306862, 0.62429279088974, -0.08752559870481491]
3615334,[4.983720718882978E-4, 8.262211340479553E-4, 0.0023364340886473656, -0.0022722273133695126, 2.7218408649787307E-4, -0.0017068260349333286, -0.0064202528446912766, 0.0025442801415920258, -0.003439245978370309, 5.198146682232618E-4]
3615338,[0.001373759121634066, 0.0015853510703891516, 0.003655243432149291, -0.003165183588862419, 3.842394216917455E-4, -0.001982151297852397, -0.008890765719115734, 0.003503259038552642, -0.004868881311267614, 5.564464372582734E-4]
3615346,[0.44781360030174255, -1.114763617515564, 0.24186520278453827, 0.5507218837738037, 0.11647912114858627, -0.37671878933906555, -0.26992589235305786, -0.526567816734314, -0.2917298972606659, -1.0382566452026367]
3615350,[-1.9899634935427457E-4, 4.888000330538489E-5, -2.5727360480232164E-5, -8.269230602309108E-5, -1.73692296812078E-5, -1.9036537196370773E-5, -1.3175764252082445E-5, 4.961822196491994E-5, -6.598960317205638E-5, -1.8279381038155407E-4]
3615354,[-1.0312700027270694E-8, -6.13549211436748E-9, -8.123921091396369E-9, -1.3314517488538513E-8, 2.8964727838420856E-10, -1.1090303786431832E-8, -2.786656461140069E-9, 5.791907398133844E-9, -6.3287268758926984E-9, -3.2455409471054963E-9]
3615362,[0.3891242742538452, -0.06840451806783676, -0.4077037572860718, 0.14747120440006256, -0.9491835832595825, -0.004744688514620066, -0.2726285755634308, 0.687423586845398, 0.5961772203445435, -0.25553902983665466]
3615378,[-0.07360351830720901, -0.006578240543603897, -0.030857866629958153, -0.06558112800121307, -0.0016040364280343056, -0.03685928136110306, -0.00397699186578393, 0.03272906690835953, -0.036392830312252045, -0.057324476540088654]
3615382,[0.3891242742538452, -0.06840451806783676, -0.4077037572860718, 0.14747120440006256, -0.9491835832595825, -0.004744688514620066, -0.2726285755634308, 0.687423586845398, 0.5961772203445435, -0.25553902983665466]
3615390,[-2.254139800164645E-12, 5.20547201263849E-13, -2.4936368074601756E-13, -9.633335795733444E-13, -9.95645284425882E-14, -2.100800815859477E-13, -6.325281552872764E-14, 7.150698219313134E-13, -7.427377940114055E-13, -2.112968654210956E-12]
3615402,[1.732002345364303E-12, 1.5718337005241056E-12, 1.3608766891159974E-12, 1.8027793884448085E-12, -2.821828057678055E-13, 2.239892299416013E-12, 1.010137394737154E-12, -1.1176382085434367E-12, 7.955941135930067E-13, -4.339401559437517E-13]
3615414,[-4.4668727050556356E-10, -7.782331445937984E-10, -5.941880876214611E-10, -6.460277313102836E-10, 8.658751493584305E-11, -1.0041931730597753E-9, -5.022395277443081E-10, 3.0363131453547965E-10, -2.5086865917955947E-10, 5.308375405910226E-10]
3615434,[1.8496596112527186E-6, 1.459900158806704E-5, 8.269213140010834E-6, 7.314223239518469E-6, -3.152100134684588E-6, 1.5303954569390044E-5, 7.645109690201934E-6, -5.191830950934673E-6, 1.7574794810570893E-6, -1.416823852196103E-5]
3615446,[-8.844150997493194E-13, -2.437050398724355E-13, -5.601080038143691E-13, -1.0910213704695693E-12, 1.4632241747999757E-14, -6.297093380590313E-13, -1.9290014673881156E-16, 5.185336751992176E-13, -5.699598236950931E-13, -6.812381062905326E-13]
3615454,[0.010385461151599884, -0.030522890388965607, 0.008374767377972603, -0.013321596197783947, 0.04672486335039139, 7.591520552523434E-4, 0.034568868577480316, 0.0714535340666771, -0.0020713701378554106, -0.008572783321142197]
3615458,[1.5890573558863252E-4, 4.1455505197518505E-6, 3.0247769245761447E-5, 5.5699096265016124E-5, -2.295720150868874E-6, 4.831249316339381E-5, 4.277552216080949E-5, -5.388644785853103E-5, 4.2424322600709274E-5, 8.335590973729268E-5]
3615462,[0.44781360030174255, -1.114763617515564, 0.24186520278453827, 0.5507218837738037, 0.11647912114858627, -0.37671878933906555, -0.26992589235305786, -0.526567816734314, -0.2917298972606659, -1.0382566452026367]
3615470,[4.838374700888437E-10, -8.178063781727474E-10, -4.490293969983128E-10, -3.6604486108871015E-10, 9.647786736177721E-11, -7.785480593547334E-10, -2.7168686744794E-10, 2.577615551557777E-11, -1.38502382306116E-12, 1.0919793957953061E-9]
3615478,[3.2137731061435137E-13, -6.254444119731251E-13, -3.019594394405162E-13, -3.073172955263964E-13, 1.8106315871537632E-13, -5.217691513223488E-13, -1.0682635873983382E-13, 2.0719348816939515E-13, -1.525090106014714E-14, 7.203173604461433E-13]
3615490,[0.8976069688796997, -0.5557067394256592, -0.1375398188829422, 0.1012364998459816, 0.06943809241056442, -0.34751835465431213, -0.11839450150728226, -0.20671826601028442, 0.22549426555633545, 1.1576446294784546]
3615494,[3.913873565519754E-12, 9.410645006313612E-13, 1.6010143514752495E-12, 2.7386556564201747E-12, -1.1679378167719912E-13, 2.3349911414116686E-12, 1.0143282698146794E-12, -1.7274735244696138E-12, 1.5581863056779444E-12, 1.772254543640217E-12]
3615498,[0.44781360030174255, -1.114763617515564, 0.24186520278453827, 0.5507218837738037, 0.11647912114858627, -0.37671878933906555, -0.26992589235305786, -0.526567816734314, -0.2917298972606659, -1.0382566452026367]
3615506,[-5.887870486304125E-12, 6.174982400408702E-13, -1.2199398392517824E-12, -3.1247892728208937E-12, -1.709715404191528E-13, -1.366945077095616E-12, -4.684187066006373E-13, 2.0753056391431546E-12, -2.131603921151637E-12, -4.8248627315672366E-12]
3615510,[2.125597031721327E-9, -5.204782715928502E-10, 2.109405428107891E-10, 8.007255414277381E-10, 8.356960262689839E-11, 1.0718561455069775E-10, 8.351824787311557E-11, -6.642114080968042E-10, 6.866923696335903E-10, 1.98503369297498E-9]
3615514,[-8.735436818341213E-10, 9.52240508667046E-10, 3.779021817695849E-10, 2.4755941741005927E-10, -1.9464056755236214E-10, 7.659829437400845E-10, 1.895585355349283E-10, -3.898780950861713E-11, -1.331566523710137E-10, -1.4324000874310627E-9]
3615518,[2.0324387506320818E-8, -7.269841617585371E-9, 8.192518330396581E-10, 7.220911424354881E-9, 1.2262478810143307E-9, -1.0995594434959344E-9, -7.472311103207119E-10, -5.939102543095487E-9, 6.497223203894009E-9, 2.1746252798493515E-8]
3615522,[-1.5146111361635795E-12, 2.0583574178879155E-13, -3.7940752427821633E-13, -8.853700650228447E-13, -1.0794929403493136E-13, -3.374316613884848E-13, -9.387286006032683E-14, 4.702539898281122E-13, -6.168892978906937E-13, -1.3312714645941082E-12]
3615526,[0.44781360030174255, -1.114763617515564, 0.24186520278453827, 0.5507218837738037, 0.11647912114858627, -0.37671878933906555, -0.26992589235305786, -0.526567816734314, -0.2917298972606659, -1.0382566452026367]
3615530,[-8.0672316471464E-6, -1.7563069150128285E-6, -3.619393737608334E-6, -6.481054697360378E-6, -8.218649583113802E-8, -4.9895352276507765E-6, -1.8167617099607014E-6, 3.315279855087283E-6, -3.5000036859855754E-6, -4.083565272594569E-6]
3615534,[0.44781360030174255, -1.114763617515564, 0.24186520278453827, 0.5507218837738037, 0.11647912114858627, -0.37671878933906555, -0.26992589235305786, -0.526567816734314, -0.2917298972606659, -1.0382566452026367]
3615542,[-0.4661030173301697, 0.13742108643054962, 0.6859946250915527, 1.1034938097000122, 0.31191498041152954, 0.3073917627334595, -0.3964443802833557, 0.2689194679260254, 0.5359251499176025, 0.2647554576396942]
3615546,[-0.02007458545267582, 0.002439771080389619, -0.005442224442958832, -0.013415927067399025, -0.0016614284832030535, -0.005634562578052282, -8.134443196468055E-4, 0.006294819992035627, -0.008450785651803017, -0.017909161746501923]
3615554,[0.016700584441423416, 0.25257816910743713, 0.8229044675827026, -0.2540212571620941, -0.14124338328838348, -1.039642572402954, 0.35892245173454285, -0.04596257582306862, 0.62429279088974, -0.08752559870481491]
3615566,[5.159442080184817E-4, 5.675644497387111E-4, 0.0012648517731577158, -0.0010703500593081117, 1.2970014358870685E-4, -6.398424156941473E-4, -0.0029978821985423565, 0.0011800943175330758, -0.001650136662647128, 1.7596152611076832E-4]
3615570,[3.591805580072105E-6, -1.1091571394672428E-7, 1.1813303899543826E-6, 2.66923393610341E-6, 2.901792583998031E-7, 1.4211487950888113E-6, 3.0362244274328987E-7, -1.1628990250756033E-6, 1.5470579910470406E-6, 2.87921875496977E-6]
3615578,[0.44781360030174255, -1.114763617515564, 0.24186520278453827, 0.5507218837738037, 0.11647912114858627, -0.37671878933906555, -0.26992589235305786, -0.526567816734314, -0.2917298972606659, -1.0382566452026367]
3615586,[-1.983974399696886E-12, 1.0026791679926261E-12, 1.0330796005979248E-13, -4.899118220477727E-13, -1.6041737437109266E-13, 4.4041734235250596E-13, 1.9004500122037082E-13, 5.002689885610923E-13, -5.829635819215584E-13, -2.381254048111625E-12]
3615594,[-2.2544871785407095E-12, 1.1298580343890863E-12, 1.851051762227513E-14, -7.131825512096679E-13, -2.9270544863770065E-13, 3.6953903478909034E-13, 1.8021746746831047E-13, 4.36235195102469E-13, -7.13477020519715E-13, -2.6976353009050547E-12]
3615602,[-0.17370589077472687, -0.5459045767784119, 0.4006246328353882, -0.6786052584648132, 0.16575579345226288, 0.6764203906059265, -0.25810959935188293, -0.34451887011528015, 0.5321409106254578, -0.05711302161216736]
3615606,[0.3891242742538452, -0.06840451806783676, -0.4077037572860718, 0.14747120440006256, -0.9491835832595825, -0.004744688514620066, -0.2726285755634308, 0.687423586845398, 0.5961772203445435, -0.25553902983665466]
3615614,[3.784179566923562E-12, -1.727272079705966E-12, 3.480456008575668E-14, 1.2425326609624698E-12, 3.87831802263483E-13, -5.375749216433856E-13, -2.766126628965526E-13, -8.812488499349014E-13, 1.2264227177219422E-12, 4.4249283057129496E-12]
3615618,[2.99331295536831E-4, 1.69383692991687E-5, 9.489190415479243E-5, 1.9282690482214093E-4, 3.374671223355108E-6, 1.23062840430066E-4, 4.607842129189521E-5, -1.1600268044276163E-4, 1.177533486043103E-4, 1.9957021868322045E-4]
3615626,[-4.991936179976619E-7, 5.351811296350206E-7, 2.7347977038516547E-7, 1.2283479122743302E-7, -3.4533631065869486E-8, 4.4504770357889356E-7, 1.9223870140194776E-7, 1.060471035430055E-7, -5.546440462467217E-8, -8.658054753141187E-7]
3615630,[-5.237474898223127E-10, 1.8262616974240586E-9, 9.74097580375144E-10, 8.205753299073137E-10, -3.307034091015737E-10, 1.7868029278389486E-9, 7.365558163385799E-10, -3.589544494975172E-10, 6.881992198337628E-11, -2.1567676533607028E-9]
3615634,[-0.3370991051197052, -1.0573302507400513, 0.7744922041893005, -1.320706844329834, 0.31559938192367554, 1.3099254369735718, -0.502016007900238, -0.6636817455291748, 1.0375357866287231, -0.10759250074625015]
3615642,[-4.474752657301906E-8, 3.0246386728549624E-8, 5.7584261803356185E-9, -8.67866845055687E-9, -6.092875093344219E-9, 1.6970513883052263E-8, 7.848182548286786E-9, 7.857927641907736E-9, -1.2961496764773983E-8, -6.193865687009747E-8]
3615654,[-3.477504959339961E-12, 7.813001547812837E-13, -4.208216349173288E-13, -1.5123382147291808E-12, -1.3524959960580646E-13, -3.1140002143721646E-13, -8.366407339057552E-14, 1.1395541628378414E-12, -1.181481236629811E-12, -3.2786050350314122E-12]
3615658,[-1.9899634935427457E-4, 4.888000330538489E-5, -2.5727362299221568E-5, -8.269230602309108E-5, -1.73692296812078E-5, -1.9036539015360177E-5, -1.3175764252082445E-5, 4.961822560289875E-5, -6.598961044801399E-5, -1.827938249334693E-4]
3615662,[2.078764049784354E-9, -1.3573427937174642E-9, -2.3147016248170615E-10, 4.669543085533689E-10, 2.9475299978543035E-10, -7.085149689167736E-10, -3.4631075784830045E-10, -3.5367242467998494E-10, 6.165115085110529E-10, 2.8489239856099857E-9]
3615666,[-1.1607776961852778E-8, 9.825418700870614E-9, 2.8907429783231464E-9, 1.7589266154693917E-10, -2.2634774055063644E-9, 6.406632557798275E-9, 1.8730546003098425E-9, 6.071356750680934E-10, -2.5610087384109192E-9, -1.6816011694231747E-8]
3615670,[-1.253390801139176E-4, 1.3583556574303657E-4, -1.951409785760916E-6, -1.0713520896388218E-4, -4.611505210050382E-5, 7.066703983582556E-5, 8.874766353983432E-5, 1.099081873690011E-5, -7.76723463786766E-5, -2.844260889105499E-4]
3615674,[0.21487554907798767, -0.6291158199310303, 0.17128506302833557, -0.2736649811267853, 0.9622247219085693, 0.01661183312535286, 0.7119661569595337, 1.4737693071365356, -0.04252241179347038, -0.1759304404258728]
3615682,[-3.062204569775906E-12, 7.33315426611203E-13, -2.6704189532399114E-13, -9.209923405514853E-13, -1.9103642279194588E-13, -1.972999942676662E-13, -3.4616900275105666E-13, 7.676554704405536E-13, -8.8045608130638E-13, -2.6003593809470482E-12]
3615686,[2.0911451823618643E-12, -2.3038608781139613E-12, -7.98606948800018E-13, -1.4076976075690778E-13, 5.023191606591537E-13, -1.6950243292290779E-12, -7.028021827698572E-13, 3.2638699380726274E-15, 4.669610509898392E-13, 3.7226740787210666E-12]
3615694,[-9.77209771435561E-11, 2.1274826345063502E-10, 1.7045580225083512E-10, 2.502918705626911E-10, -3.793403438590026E-11, 2.1287586970952788E-10, -1.3537862671164635E-11, -7.935722218244123E-11, 7.103717614143079E-11, -1.6743857689238695E-10]
3615698,[2.077481076057097E-9, 7.044652639009996E-10, 9.550918944611908E-10, 1.5775797335138009E-9, -1.122495429939363E-10, 1.462020837728062E-9, 6.211499092856343E-10, -9.986620419510928E-10, 8.372128545985902E-10, 7.253509459737018E-10]
3615702,[7.379035533647271E-13, -4.997918311849814E-13, -7.058992333806163E-14, 2.3965034058777424E-13, 7.518715738983467E-14, -2.8368664839115154E-13, -2.210929058105507E-13, -2.0574648484494168E-13, 2.7093583453152714E-13, 1.1395576322847933E-12]
3615706,[2.077481076057097E-9, 7.044652639009996E-10, 9.550918944611908E-10, 1.5775797335138009E-9, -1.122495429939363E-10, 1.462020837728062E-9, 6.211499092856343E-10, -9.986620419510928E-10, 8.372128545985902E-10, 7.253509459737018E-10]
3615714,[8.158617115228139E-10, 1.8957040104350398E-10, 2.590180292472155E-10, 4.067809977748027E-10, -5.260199914536301E-11, 4.2960496271504667E-10, 2.67915828411347E-10, -3.532962256080907E-10, 2.561399425893285E-10, 2.9730762296509283E-10]
3615726,[5.159442080184817E-4, 5.675644497387111E-4, 0.0012648517731577158, -0.0010703500593081117, 1.2970014358870685E-4, -6.398424156941473E-4, -0.0029978821985423565, 0.0011800943175330758, -0.001650136662647128, 1.7596152611076832E-4]
3615734,[-4.991936179976619E-7, 5.351811296350206E-7, 2.7347977038516547E-7, 1.2283479122743302E-7, -3.4533631065869486E-8, 4.4504770357889356E-7, 1.9223870140194776E-7, 1.060471035430055E-7, -5.546440462467217E-8, -8.658054753141187E-7]
3615738,[0.44781360030174255, -1.114763617515564, 0.24186520278453827, 0.5507218837738037, 0.11647912114858627, -0.37671878933906555, -0.26992589235305786, -0.526567816734314, -0.2917298972606659, -1.0382566452026367]
3615746,[-1.1004407021036888E-12, 1.4291762218121562E-12, 5.437863700996637E-13, 1.6046802016507489E-13, -3.1269588697882544E-13, 1.0922780692076972E-12, 4.76427816469005E-13, -6.918813124420081E-14, -2.1409042344922719E-13, -2.1641306368475055E-12]
3615750,[2.085226089021397E-12, 6.913002613927188E-13, 1.005115370274201E-12, 1.7052099749587102E-12, -1.3379607751579092E-13, 1.418940919623024E-12, 5.152261538417247E-13, -1.076665557923906E-12, 9.210603200277001E-13, 8.781303050160727E-13]
