1605,[3.157558307702313E-13, -3.499420263113062E-13, -6.122678725779471E-14, 8.050199775452155E-14, 1.2752906369817296E-13, -1.9013713129997778E-13, -1.4347437083880865E-13, -1.222393310841086E-14, 1.163441223786879E-13, 6.502175100425722E-13]
1613,[-1.169430871583721E-12, -1.0266032544458542E-13, -3.032788050642138E-13, -7.553778566191105E-13, -4.698811598060487E-14, -5.046395159385986E-13, -2.4441952910410347E-13, 4.813898303417108E-13, -3.285511240239819E-13, -7.187486825328826E-13]
1689,[-7.682206650330703E-13, 1.6348028616594568E-13, -6.923796388655368E-14, -3.1041323482992877E-13, -7.559739916311245E-14, -9.401762137914438E-14, -6.407976363073664E-14, 2.5377326650678766E-13, -1.980721901599647E-13, -7.12713471139742E-13]
1869,[0.2850997745990753, 0.27972185611724854, 0.09427820146083832, -0.157964289188385, 0.22593048214912415, -0.04882306605577469, -0.47407177090644836, 0.10491026192903519, -0.07401198148727417, -0.10529029369354248]
2021,[-5.384705810580759E-13, 7.033775146526866E-14, -5.80941815920416E-14, -1.899933660919062E-13, -7.19381151870202E-14, -1.3100635756334994E-13, -1.3361511062067594E-13, 1.17780324338998E-13, -1.0454304929337008E-13, -3.6853254280731773E-13]
2097,[-2.131128051807707E-10, -1.45809041923739E-11, -5.6156301830867505E-11, -1.237631386263871E-10, -1.5666757821608535E-11, -8.718104016480765E-11, -5.620436754893987E-11, 7.218631942196296E-11, -5.833028504653726E-11, -1.230735235946412E-10]
2329,[0.23516352474689484, 0.18924696743488312, 0.23923227190971375, -0.1534743458032608, 0.04789123311638832, -0.005277568008750677, -0.4054560363292694, 0.14532843232154846, -0.2185756415128708, -0.027028651908040047]
2433,[8.507751170228062E-10, 3.846735152635006E-10, 3.4188876729679407E-10, 7.241872101992897E-10, -8.981632798610306E-11, 6.329035073804334E-10, 2.693190115365951E-10, -5.267107305861884E-10, 2.4656968133918156E-10, 2.3842589014222426E-10]
2981,[0.23466570675373077, 0.18885506689548492, 0.2384120523929596, -0.15295812487602234, 0.0479249432682991, -0.005178083665668964, -0.40415748953819275, 0.1447901576757431, -0.21773432195186615, -0.027074184268712997]
2997,[1.6266715829260647E-4, -9.222857624990866E-5, -1.4536533853970468E-5, -5.211582902120426E-6, 4.2411826143506914E-5, -3.425423346925527E-5, 2.2085818272898905E-5, -2.9335901672311593E-6, 2.9283100957400165E-5, 1.761564490152523E-4]
4117,[1.8798795853314232E-10, 2.357738171365753E-10, 1.7462954693403532E-10, 3.196398146165791E-10, -4.6474258469375584E-11, 3.055767028303791E-10, 1.0003981670836382E-10, -1.676178640330761E-10, 8.571442861038392E-11, -7.150224162755237E-11]
4689,[0.23466570675373077, 0.18885506689548492, 0.2384120523929596, -0.15295812487602234, 0.0479249432682991, -0.005178083665668964, -0.40415748953819275, 0.1447901576757431, -0.21773432195186615, -0.027074184268712997]
5517,[-3.717883477211831E-13, -2.3185289408853005E-13, -1.9437361063138342E-13, -4.3653028782876524E-13, 8.403420645973492E-14, -3.2771777912915523E-13, -6.377263626032581E-14, 3.307054608457649E-13, -1.48874700544796E-13, -1.320071845887713E-13]
7837,[0.11873331665992737, 0.09555269032716751, 0.1206669732928276, -0.07741323858499527, 0.024230442941188812, -0.002628773683682084, -0.20453926920890808, 0.07328575104475021, -0.11021169275045395, -0.013685975223779678]
8577,[-1.428595523128573E-12, -1.6635071141760105E-13, -3.9111861535948145E-13, -1.021889821026245E-12, -3.1247922950344495E-14, -6.731615590470363E-13, -2.5124593703261533E-13, 6.556210110399141E-13, -4.2360551373056554E-13, -9.073077033606991E-13]
8797,[0.11873722821474075, 0.09555398672819138, 0.12079057842493057, -0.0774933248758316, 0.024183638393878937, -0.0026676086708903313, -0.20472626388072968, 0.07337991893291473, -0.11036224663257599, -0.013647014275193214]
9829,[1.7473162673697917E-12, -8.90020208140635E-13, -5.6078470182406234E-14, 4.625808200028891E-13, 3.670032485379726E-13, -2.0871509815584277E-13, -4.472299063745279E-14, -3.181535980847916E-13, 4.3210620086393814E-13, 2.1145561430319093E-12]
10413,[2.0667918765315818E-11, -1.430435214722081E-10, -7.001715179866252E-11, -1.0127321203867723E-10, 3.844535106933833E-11, -1.33274405400563E-10, -4.433322459140854E-11, 4.745341619649679E-11, -6.6640156934361094E-12, 1.4844026008375977E-10]
10681,[0.11872710287570953, 0.09554904699325562, 0.12062482535839081, -0.07738826423883438, 0.02424531616270542, -0.002619389910250902, -0.20448043942451477, 0.0732562318444252, -0.11016307771205902, -0.013697110116481781]
11061,[6.866399115956767E-10, -4.771381068024994E-10, -5.929214758060297E-11, 1.861205356501472E-10, 1.9187586242086496E-10, -1.7462033208293093E-10, -1.0395515698258251E-10, -8.340119567185056E-11, 1.8883446195605558E-10, 1.0029923558363407E-9]
11093,[7.808035901862853E-13, -3.0239154821636027E-13, -1.3857587766088336E-14, 2.6998455554538836E-13, 9.525340179160693E-14, -2.3976915898148328E-14, -3.3752382534940964E-14, -2.523314131426535E-13, 1.8864010559779126E-13, 8.955971272754659E-13]
11233,[0.11873461306095123, 0.0955541804432869, 0.120832659304142, -0.077518031001091, 0.02416614629328251, -0.0026809475384652615, -0.20479176938533783, 0.07341071963310242, -0.11041322350502014, -0.013633311726152897]
11241,[0.29484114050865173, -0.19064943492412567, -0.03830889239907265, 0.042571764439344406, 0.05443396046757698, -0.09432725608348846, -0.03902031481266022, -0.06812833249568939, 0.07029420882463455, 0.41211453080177307]
11245,[0.12801764905452728, -0.28780239820480347, 0.06747204065322876, 0.19121263921260834, 0.024564381688833237, -0.10884734243154526, -0.07059995830059052, -0.13255733251571655, -0.08430115133523941, -0.29591795802116394]
11273,[5.821253310119012E-13, 7.396106296853056E-13, 4.409565431979373E-13, 7.41932340217466E-13, -2.449484300288962E-13, 8.159709886934596E-13, 3.449864634415267E-13, -6.130945360768858E-13, 1.962123362007559E-13, -2.786088417264243E-13]
11357,[7.886917573023122E-13, 7.287226377883371E-13, 4.771569424300015E-13, 8.427787547699017E-13, -2.030205024277157E-13, 9.071354236354912E-13, 4.169740724577209E-13, -6.352789930393066E-13, 2.3116380229275257E-13, -1.760846514171216E-13]
11409,[0.11872710287570953, 0.09554904699325562, 0.12062482535839081, -0.07738826423883438, 0.02424531616270542, -0.002619389910250902, -0.20448043942451477, 0.0732562318444252, -0.11016307771205902, -0.013697110116481781]
11697,[-4.5646767830476165E-5, 2.9435736360028386E-4, 1.5955966955516487E-4, 2.19389985431917E-4, -6.590416160179302E-5, 2.7431617490947247E-4, 1.0275661043124273E-4, -7.451947021763772E-5, 1.844495091063436E-5, -3.1966064125299454E-4]
11713,[-1.7786763544230116E-13, -3.537401017180038E-14, -1.2661753427418293E-13, -3.769297699483809E-13, -5.904673028056832E-15, -1.4096254545570286E-13, 9.471761618301891E-14, 1.5654982193392952E-13, -1.4128863281160503E-13, -2.5649873392798173E-13]
11749,[-7.456611283290782E-14, 9.832805143022982E-13, 4.715932505616749E-13, 5.92691098023207E-13, -2.668908117512553E-13, 9.043446872435135E-13, 3.8564474964114526E-13, -3.2319058453772476E-13, 3.6885479479803474E-14, -1.0418722091662391E-12]
11773,[0.23466570675373077, 0.18885506689548492, 0.2384120523929596, -0.15295812487602234, 0.0479249432682991, -0.005178083665668964, -0.40415748953819275, 0.1447901576757431, -0.21773432195186615, -0.027074184268712997]
11837,[-1.7415104731563491E-12, -2.8786551592961673E-13, -5.499799292200958E-13, -1.3029553564553042E-12, -2.959345076392235E-14, -8.863805414476011E-13, -3.5946557687925595E-13, 8.053740508696949E-13, -5.403326440792111E-13, -1.0095621170644331E-12]
11953,[-5.644347211841705E-10, 2.1393875559994058E-10, -1.2559252249300101E-11, -1.675196509287602E-10, -9.590814253890301E-11, 9.384245117094459E-12, -2.760470671492321E-11, 1.252574016730179E-10, -1.388108100686125E-10, -5.990224982710401E-10]
11981,[0.11872710287570953, 0.09554904699325562, 0.12062482535839081, -0.07738826423883438, 0.02424531616270542, -0.002619389910250902, -0.20448043942451477, 0.0732562318444252, -0.11016307771205902, -0.013697110116481781]
12009,[-1.0387918337073643E-5, -1.2943098681716947E-6, -2.6983780117006972E-6, -6.836108241259353E-6, 1.1253651166498457E-7, -4.488931153900921E-6, -1.860655515883991E-6, 5.1627612265292555E-6, -3.0234220957936486E-6, -6.523670435854001E-6]
12053,[0.11872710287570953, 0.09554904699325562, 0.12062482535839081, -0.07738826423883438, 0.02424531616270542, -0.002619389910250902, -0.20448043942451477, 0.0732562318444252, -0.11016307771205902, -0.013697110116481781]
12085,[0.11872710287570953, 0.09554904699325562, 0.12062482535839081, -0.07738826423883438, 0.02424531616270542, -0.002619389910250902, -0.20448043942451477, 0.0732562318444252, -0.11016307771205902, -0.013697110116481781]
12093,[-0.028769314289093018, -0.006504648365080357, -0.010909441858530045, -0.028668690472841263, 7.364586344920099E-4, -0.01707947999238968, -0.0022158685605973005, 0.017299970611929893, -0.010995847173035145, -0.01989956758916378]
12141,[-6.857032845176969E-13, -4.598635383080973E-13, -3.762735023733754E-13, -7.090365621020833E-13, 6.36155556943234E-14, -6.979039741950022E-13, -3.1975537126936737E-13, 3.9953159053709997E-13, -2.0735270325842464E-13, 1.938953283955186E-15]
12205,[-9.720757816467085E-7, -6.329184429887391E-7, -8.174249046533077E-7, -2.5327285584353376E-6, 2.199984123762988E-7, -1.2302720051593496E-6, 6.414003905774734E-7, 1.3311170050656074E-6, -8.375584457098739E-7, -1.2875283346147626E-6]
12213,[-2.4169510837168673E-10, -3.301937334665439E-10, -2.0785866083894433E-10, -3.047317398419125E-10, 6.471749525172044E-11, -3.938857018326303E-10, -2.1255071314119078E-10, 1.8001186652405465E-10, -7.152389097653256E-11, 1.9935113282354422E-10]
12281,[1.8302347370990901E-6, 6.148044576548273E-6, 2.8321762783889426E-6, 3.6407755032996647E-6, -2.0691124973382102E-6, 5.7496704357618E-6, 2.965653948194813E-6, -3.405930783628719E-6, 4.684815451128088E-7, -5.1350125431781635E-6]
12325,[2.846056723626589E-10, 1.7170180555137193E-10, 1.5522791385613743E-10, 3.639815115974443E-10, -5.095072627692154E-11, 2.6198637703700456E-10, 4.227906219567146E-11, -2.3941310045572095E-10, 1.1783020392730492E-10, 1.106664829220172E-10]
12349,[0.23466570675373077, 0.18885506689548492, 0.2384120523929596, -0.15295812487602234, 0.0479249432682991, -0.005178083665668964, -0.40415748953819275, 0.1447901576757431, -0.21773432195186615, -0.027074184268712997]
12509,[-2.3738167681530697E-11, 1.5594367464011327E-10, 8.886293090260011E-11, 1.3156760403365553E-10, -3.739249881951068E-11, 1.4720440144611047E-10, 4.061468175664551E-11, -5.081484538704828E-11, 1.917180650345962E-11, -1.4938572601153055E-10]
12617,[0.11872710287570953, 0.09554904699325562, 0.12062482535839081, -0.07738826423883438, 0.02424531616270542, -0.002619389910250902, -0.20448043942451477, 0.0732562318444252, -0.11016307771205902, -0.013697110116481781]
12625,[-2.1972096451300382E-12, -5.571286365731697E-15, -4.650298158700994E-13, -1.3949223720555182E-12, -8.129006365611979E-14, -7.604253598331168E-13, -2.566112199033771E-13, 9.732185760405465E-13, -6.393987986644256E-13, -1.6738567996943399E-12]
12709,[0.3479129672050476, 0.27999618649482727, 0.35346052050590515, -0.22677293419837952, 0.07105857133865356, -0.007678193040192127, -0.5991985201835632, 0.21466179192066193, -0.3228040039539337, -0.04014236479997635]
12729,[5.248876178143291E-8, 2.1349650580759771E-7, 1.1632121044158339E-7, 1.8866055029320705E-7, -6.406957453464202E-8, 2.157229062049737E-7, 7.203230723007437E-8, -1.2116565528685896E-7, 3.383231828024691E-8, -1.5245521467477374E-7]
12789,[2.3010009154132705E-13, -2.1387146882049374E-13, -6.879432868636334E-14, -1.2128365260884177E-13, 1.0285590196397465E-13, -1.225612086862629E-13, 6.083972708221738E-14, 8.444020629201285E-14, 7.56262609637572E-15, 2.539453293915611E-13]
12841,[0.11898317188024521, 0.09575074911117554, 0.12104440480470657, -0.07765235751867294, 0.024228965863585472, -0.0026698336005210876, -0.2051449865102768, 0.0735313668847084, -0.11059300601482391, -0.013674546033143997]
12853,[0.3479129672050476, 0.27999618649482727, 0.35346052050590515, -0.22677293419837952, 0.07105857133865356, -0.007678193040192127, -0.5991985201835632, 0.21466179192066193, -0.3228040039539337, -0.04014236479997635]
12889,[5.285302195900954E-10, -9.002627116005968E-11, 7.346741270897184E-11, 2.612089156084352E-10, 6.56444482105556E-11, 1.0827563151627473E-10, 5.914298217835068E-11, -1.5767200045591068E-10, 1.4136875003956106E-10, 4.594776503719089E-10]
12933,[0.11872710287570953, 0.09554904699325562, 0.12062482535839081, -0.07738826423883438, 0.02424531616270542, -0.002619389910250902, -0.20448043942451477, 0.0732562318444252, -0.11016307771205902, -0.013697110116481781]
13005,[6.193962985741319E-14, -5.871303335007461E-13, -2.9791338666818046E-13, -4.35103884345589E-13, 1.8026582288520332E-13, -5.296186666309266E-13, -1.521411984025875E-13, 2.522773656643551E-13, -5.505894405764128E-14, 5.495784491556244E-13]
13013,[-3.768330925080221E-10, 4.412505361095498E-10, 1.1281349465708246E-10, -1.0326010879690983E-12, -1.5829862420879692E-10, 2.6167221167661125E-10, 1.2999097631638534E-10, -2.328630691050826E-11, -9.730615618819272E-11, -7.288168402119766E-10]
13017,[4.6020409705249676E-10, -1.7494269921591865E-10, 2.468293104629371E-11, 1.786702591433098E-10, 8.295780035139089E-11, 2.154566022122273E-12, 6.105551828006206E-12, -1.0704082759049882E-10, 1.2528196535743774E-10, 5.03277419738879E-10]
13133,[4.983969265595078E-4, 3.9401507820002735E-4, 6.560356705449522E-4, -4.096803313586861E-4, 3.172552533214912E-5, -4.652186544262804E-5, -0.001051216502673924, 4.124809638597071E-4, -6.398889818228781E-4, -7.811667273927014E-6]
13321,[0.23466570675373077, 0.18885506689548492, 0.2384120523929596, -0.15295812487602234, 0.0479249432682991, -0.005178083665668964, -0.40415748953819275, 0.1447901576757431, -0.21773432195186615, -0.027074184268712997]
13405,[0.11872710287570953, 0.09554904699325562, 0.12062482535839081, -0.07738826423883438, 0.02424531616270542, -0.002619389910250902, -0.20448043942451477, 0.0732562318444252, -0.11016307771205902, -0.013697110116481781]
13417,[0.459046334028244, 0.36942464113235474, 0.46697497367858887, -0.2995968163013458, 0.09350784868001938, -0.010318209417164326, -0.7914954423904419, 0.28369051218032837, -0.42665940523147583, -0.05276632681488991]
13497,[0.11872710287570953, 0.09554904699325562, 0.12062482535839081, -0.07738826423883438, 0.02424531616270542, -0.002619389910250902, -0.20448043942451477, 0.0732562318444252, -0.11016307771205902, -0.013697110116481781]
13573,[0.11872710287570953, 0.09554904699325562, 0.12062482535839081, -0.07738826423883438, 0.02424531616270542, -0.002619389910250902, -0.20448043942451477, 0.0732562318444252, -0.11016307771205902, -0.013697110116481781]
13585,[0.11873331665992737, 0.09555269032716751, 0.1206669732928276, -0.07741323858499527, 0.024230442941188812, -0.002628773683682084, -0.20453926920890808, 0.07328575104475021, -0.11021169275045395, -0.013685975223779678]
13597,[0.23466570675373077, 0.18885506689548492, 0.2384120523929596, -0.15295812487602234, 0.0479249432682991, -0.005178083665668964, -0.40415748953819275, 0.1447901576757431, -0.21773432195186615, -0.027074184268712997]
13685,[0.09621171653270721, 0.17284587025642395, -0.273516446352005, -0.009489119052886963, 0.33809059858322144, -0.08265957981348038, -0.1327432543039322, -0.07577056437730789, 0.27290257811546326, -0.14865535497665405]
13745,[0.21461324393749237, 0.2680490016937256, -0.15289638936519623, -0.08671174198389053, 0.36198967695236206, -0.08520090579986572, -0.3366914987564087, -0.002596616977825761, 0.1627236306667328, -0.16219408810138702]
13749,[3.235388346123358E-10, 4.891569926890327E-10, 2.886469951945969E-10, 4.742407022639838E-10, -1.3366531492753353E-10, 5.527802660054704E-10, 2.446842728431875E-10, -3.289704342268607E-10, 1.0600102740010442E-10, -2.5748086995847075E-10]
13829,[0.3479129672050476, 0.27999618649482727, 0.35346052050590515, -0.22677293419837952, 0.07105857133865356, -0.007678193040192127, -0.5991985201835632, 0.21466179192066193, -0.3228040039539337, -0.04014236479997635]
13833,[3.447463668704298E-13, -3.433322690819113E-14, 6.910488484614466E-14, 2.580098136008291E-13, 1.3938175327723058E-14, 9.322442584601756E-14, -2.337407069112618E-14, -1.7752889002603522E-13, 1.2624424346619617E-13, 3.609740002567807E-13]
13837,[0.2830134928226471, 0.27594760060310364, 0.10005144029855728, -0.15759526193141937, 0.21860474348068237, -0.04691397026181221, -0.4707812964916229, 0.106381356716156, -0.07970452308654785, -0.10211451351642609]
13845,[-1.407169059009991E-13, 3.44888099199428E-13, 8.713965963733084E-14, -1.0317342412271419E-14, -1.2548158855301556E-13, 2.265632478718263E-13, 1.7621258727347489E-13, -6.113956319301825E-14, -7.357077458098465E-14, -5.249058566275666E-13]
13949,[0.04866984114050865, 0.08743754774332047, -0.1383669674396515, -0.0047994027845561504, 0.17103178799152374, -0.04181550815701485, -0.06714926660060883, -0.03833144158124924, 0.13805632293224335, -0.07520110160112381]
13993,[-6.962915660713165E-11, 1.3570794661632579E-11, -1.5464452635116643E-11, -5.4353251066618924E-11, -1.4847342105772654E-11, -2.4123040370804816E-11, -1.272670011910615E-12, 1.7242081026824785E-11, -2.406754136263789E-11, -6.920225503748156E-11]
14013,[0.11872710287570953, 0.09554904699325562, 0.12062482535839081, -0.07738826423883438, 0.02424531616270542, -0.002619389910250902, -0.20448043942451477, 0.0732562318444252, -0.11016307771205902, -0.013697110116481781]
14089,[0.11872710287570953, 0.09554904699325562, 0.12062482535839081, -0.07738826423883438, 0.02424531616270542, -0.002619389910250902, -0.20448043942451477, 0.0732562318444252, -0.11016307771205902, -0.013697110116481781]
14157,[-2.667067565198522E-5, 3.391712743905373E-5, -6.280981779127615E-7, -2.7518115530256182E-5, -1.574211819388438E-5, 1.354055439151125E-5, 2.260179644508753E-5, 3.553759029273351E-7, -1.683850678091403E-5, -6.96044007781893E-5]
14233,[0.11872710287570953, 0.09554904699325562, 0.12062482535839081, -0.07738826423883438, 0.02424531616270542, -0.002619389910250902, -0.20448043942451477, 0.0732562318444252, -0.11016307771205902, -0.013697110116481781]
14433,[0.09621171653270721, 0.17284587025642395, -0.273516446352005, -0.009489119052886963, 0.33809059858322144, -0.08265957981348038, -0.1327432543039322, -0.07577056437730789, 0.27290257811546326, -0.14865535497665405]
14453,[1.3381727366826301E-12, -5.552127225853798E-13, 1.7473391846932126E-14, 4.870623761081549E-13, 1.993283467970064E-13, -7.383393077703762E-14, -6.997619714579906E-14, -3.930061842367244E-13, 3.687997986428354E-13, 1.5893831389890423E-12]
14817,[5.285302195900954E-10, -9.002627116005968E-11, 7.346741270897184E-11, 2.612089156084352E-10, 6.56444482105556E-11, 1.0827563151627473E-10, 5.914298217835068E-11, -1.5767200045591068E-10, 1.4136875003956106E-10, 4.594776503719089E-10]
14837,[0.23466570675373077, 0.18885506689548492, 0.2384120523929596, -0.15295812487602234, 0.0479249432682991, -0.005178083665668964, -0.40415748953819275, 0.1447901576757431, -0.21773432195186615, -0.027074184268712997]
14889,[1.8803108213245184E-13, -3.5891398902400395E-13, -9.346840521614469E-14, 3.2318494668642783E-14, 1.0437798628887274E-13, -2.531920528271725E-13, -2.0788314917131318E-13, -1.5003768821632095E-15, 9.231724000698105E-14, 6.107967864127373E-13]
14921,[1.5091246394899338E-12, 4.167569813014714E-14, 3.678326360948697E-13, 9.950920296097898E-13, 7.736653928180209E-14, 5.703460707190411E-13, 2.2186352960969907E-13, -6.297312389429155E-13, 4.5373286291366943E-13, 1.0902636215712191E-12]
15037,[-4.863697335502626E-13, 7.991936105955499E-13, 2.394057445776615E-13, 1.7685425877673328E-13, -3.2073101769933277E-13, 5.189604171743079E-13, 1.8314200796090002E-13, -2.190947212066599E-13, -1.0325938780246513E-13, -1.1016537074942656E-12]
15085,[2.0452908811030568E-10, -9.914429693891336E-11, 6.273102263337771E-12, 8.914052135322592E-11, 3.930853559319658E-11, -1.8261590156720686E-11, -2.4440612728104938E-11, -5.4405979721394715E-11, 6.522795498176137E-11, 2.685144884218005E-10]
15269,[0.04866984114050865, 0.08743754774332047, -0.1383669674396515, -0.0047994027845561504, 0.17103178799152374, -0.04181550815701485, -0.06714926660060883, -0.03833144158124924, 0.13805632293224335, -0.07520110160112381]
15365,[0.4585815668106079, 0.36905792355537415, 0.4660227596759796, -0.29898685216903687, 0.09360716491937637, -0.010157919488847256, -0.7899832129478455, 0.2830396294593811, -0.425641804933548, -0.0528690367937088]
15401,[-9.14673718710457E-13, -1.6872236301233162E-13, -2.8234101796982547E-13, -7.423285619014008E-13, 3.21581038978825E-14, -4.658679583595393E-13, -1.1779878288098455E-13, 5.21713423330683E-13, -2.9877665554296773E-13, -5.912428207612008E-13]
15409,[-5.216486964609857E-13, -5.400128586484365E-13, -3.4571209285051696E-13, -6.640089953574568E-13, 1.8333233965227985E-13, -6.467934911616458E-13, -2.14441488112678E-13, 5.266323943771412E-13, -1.8894045670462406E-13, 7.402377457743983E-14]
15481,[-2.5895344202275794E-10, 3.709972329346556E-10, 1.1577006020502267E-10, 1.1811052136323497E-10, -1.4539786041822822E-10, 2.500606943733885E-10, 5.2749443701927134E-11, -9.76071515279564E-11, -4.2569153063665155E-11, -5.041695949614677E-10]
15501,[0.04866984114050865, 0.08743754774332047, -0.1383669674396515, -0.0047994027845561504, 0.17103178799152374, -0.04181550815701485, -0.06714926660060883, -0.03833144158124924, 0.13805632293224335, -0.07520110160112381]
15533,[0.09621171653270721, 0.17284587025642395, -0.273516446352005, -0.009489119052886963, 0.33809059858322144, -0.08265957981348038, -0.1327432543039322, -0.07577056437730789, 0.27290257811546326, -0.14865535497665405]
15537,[0.11872710287570953, 0.09554904699325562, 0.12062482535839081, -0.07738826423883438, 0.02424531616270542, -0.002619389910250902, -0.20448043942451477, 0.0732562318444252, -0.11016307771205902, -0.013697110116481781]
15549,[0.11873732507228851, 0.09555496275424957, 0.12070877104997635, -0.07743893563747406, 0.024215178564190865, -0.0026396638713777065, -0.20459961891174316, 0.0733160749077797, -0.11026104539632797, -0.013674073852598667]
15569,[-2.281931154451966E-13, 1.9866633295048675E-13, -8.426801574349238E-18, -1.9357111128836396E-13, -7.307983428475606E-14, 6.533520198383908E-14, 1.4303106767553364E-13, 6.849795524625085E-14, -1.1341409988886372E-13, -4.780886515669269E-13]
15677,[0.11872710287570953, 0.09554904699325562, 0.12062482535839081, -0.07738826423883438, 0.02424531616270542, -0.002619389910250902, -0.20448043942451477, 0.0732562318444252, -0.11016307771205902, -0.013697110116481781]
15749,[0.5666999220848083, 0.45607849955558777, 0.5757142901420593, -0.36937642097473145, 0.11576215922832489, -0.012510627508163452, -0.9760037064552307, 0.3496445417404175, -0.5257794857025146, -0.06539410352706909]
15757,[0.11872710287570953, 0.09554904699325562, 0.12062482535839081, -0.07738826423883438, 0.02424531616270542, -0.002619389910250902, -0.20448043942451477, 0.0732562318444252, -0.11016307771205902, -0.013697110116481781]
15809,[0.11872710287570953, 0.09554904699325562, 0.12062482535839081, -0.07738826423883438, 0.02424531616270542, -0.002619389910250902, -0.20448043942451477, 0.0732562318444252, -0.11016307771205902, -0.013697110116481781]
15813,[3.243288138055078E-10, 1.1113206188628766E-10, 9.670138995110378E-11, 1.9537525763890784E-10, -2.884123842528119E-11, 1.9268595052857052E-10, 1.1556388485045588E-10, -1.766291696236877E-10, 7.487033215625161E-11, 9.736383227432199E-11]
15837,[-4.037707549287006E-5, 2.623644832056016E-4, 1.421086781192571E-4, 1.956141204573214E-4, -5.8858367992797866E-5, 2.444102137815207E-4, 9.159855835605413E-5, -6.66645064484328E-5, 1.6390813470934518E-5, -2.847166615538299E-4]
15857,[6.834223142959672E-8, -1.3231096218646599E-8, 9.378110732427558E-9, 3.911710777515509E-8, 7.1535168899572454E-9, 1.2677953797890495E-8, 1.138552918611424E-9, -2.508780205801031E-8, 2.0558944768822585E-8, 6.755675485692336E-8]
15885,[-1.0711699360399507E-5, 1.937301703947014E-6, -1.5775955262142816E-6, -5.343862994777737E-6, -1.5798833601365914E-6, -2.263324859086424E-6, -1.3218590311225853E-6, 2.8081615255359793E-6, -2.9105924568284536E-6, -9.319987839262467E-6]
16125,[0.00532551622018218, 0.00241243583150208, 0.002299480838701129, 0.0016061358619481325, -2.037210506387055E-4, 0.004512282554060221, 0.0036478363908827305, -0.0021284716203808784, 0.0013032283168286085, -8.82107182405889E-4]
16709,[0.04866984114050865, 0.08743754774332047, -0.1383669674396515, -0.0047994027845561504, 0.17103178799152374, -0.04181550815701485, -0.06714926660060883, -0.03833144158124924, 0.13805632293224335, -0.07520110160112381]
16881,[1.8609274277797683E-12, -3.438779209302689E-13, 2.3665653312889E-13, 8.693661567547861E-13, 2.130404278552836E-13, 3.27833599026231E-13, 1.853888407805232E-13, -5.815147083483574E-13, 5.007665289380459E-13, 1.6586368780172056E-12]
16897,[4.022323307761866E-10, -2.5438665063326482E-11, 8.451832983480401E-11, 2.6384058826600665E-10, 3.73350898807967E-11, 1.3105264096147096E-10, 3.950342830627562E-11, -1.496710116954958E-10, 1.213694006407806E-10, 3.32085997589715E-10]
16957,[0.11872710287570953, 0.09554904699325562, 0.12062482535839081, -0.07738826423883438, 0.02424531616270542, -0.002619389910250902, -0.20448043942451477, 0.0732562318444252, -0.11016307771205902, -0.013697110116481781]
17161,[0.3479389250278473, 0.2800103724002838, 0.3537018597126007, -0.22691862285137177, 0.07096986472606659, -0.007737538777291775, -0.5995405316352844, 0.21483439207077026, -0.3230867385864258, -0.04007461294531822]
17201,[6.241072014745441E-7, 4.319364776961265E-8, 1.9217013402794692E-7, 5.214637894823682E-7, 5.5423367228968345E-8, 3.090511313530442E-7, 8.416896690732756E-8, -2.4515190943930065E-7, 2.0702414360584953E-7, 4.469474674806406E-7]
17221,[1.3068430886054028E-12, 1.044375360931965E-13, 3.3182793535493915E-13, 8.795067538841517E-13, 2.7375716914169144E-14, 5.409055907172611E-13, 2.1131317182176979E-13, -5.985462776456063E-13, 3.8468645044593963E-13, 8.760196886468952E-13]
17281,[-2.5099028216034325E-13, 1.3816656423571577E-13, -4.067802206728956E-14, -2.9669178897538673E-13, -4.335443611644223E-14, 2.168459825629054E-15, 1.626157569061329E-13, 1.428076407128387E-13, -1.4328433730302625E-13, -4.887339448075845E-13]
17305,[0.11872710287570953, 0.09554904699325562, 0.12062482535839081, -0.07738826423883438, 0.02424531616270542, -0.002619389910250902, -0.20448043942451477, 0.0732562318444252, -0.11016307771205902, -0.013697110116481781]
17369,[-2.1166467016608959E-13, 6.475200150374283E-13, 2.2289319641290856E-13, 1.8896505454141233E-13, -2.448903710025596E-13, 4.704278958565788E-13, 2.172016500033916E-13, -2.2129779291609614E-13, -4.79726359277257E-14, -7.99104868647732E-13]
17389,[0.23466570675373077, 0.18885506689548492, 0.2384120523929596, -0.15295812487602234, 0.0479249432682991, -0.005178083665668964, -0.40415748953819275, 0.1447901576757431, -0.21773432195186615, -0.027074184268712997]
17545,[7.59652269474026E-13, 1.1220941574996077E-13, 1.776471087204176E-13, 3.9512197767127555E-13, 8.52609388662549E-15, 3.474194402216385E-13, 2.389611132667252E-13, -3.048936157799137E-13, 1.6775259837915196E-13, 3.40692318107072E-13]
17709,[-1.146730497017523E-12, 1.355760935375233E-13, -1.5175253902880576E-13, -4.4637964114954687E-13, -1.0948030269896172E-13, -2.3927770030109097E-13, -2.2466985140790624E-13, 3.414117675636791E-13, -2.691362486605814E-13, -8.550298598482275E-13]
17869,[0.04866984114050865, 0.08743754774332047, -0.1383669674396515, -0.0047994027845561504, 0.17103178799152374, -0.04181550815701485, -0.06714926660060883, -0.03833144158124924, 0.13805632293224335, -0.07520110160112381]
17881,[0.11872710287570953, 0.09554904699325562, 0.12062482535839081, -0.07738826423883438, 0.02424531616270542, -0.002619389910250902, -0.20448043942451477, 0.0732562318444252, -0.11016307771205902, -0.013697110116481781]
18189,[0.04917121306061745, 0.08835121989250183, -0.139847069978714, -0.004839163739234209, 0.17283906042575836, -0.042256128042936325, -0.06783105432987213, -0.038747359067201614, 0.1395326554775238, -0.07599574327468872]
18421,[0.11872710287570953, 0.09554904699325562, 0.12062482535839081, -0.07738826423883438, 0.02424531616270542, -0.002619389910250902, -0.20448043942451477, 0.0732562318444252, -0.11016307771205902, -0.013697110116481781]
18637,[-5.886911513819371E-10, 1.7185566858479717E-10, -4.4811314381387746E-11, -2.5091742572591613E-10, -9.411905282918909E-11, -5.645738390680499E-11, -3.7824982729306456E-11, 1.4629632227869394E-10, -1.4898576816690934E-10, -5.780026457458121E-10]
18765,[1.731206538124752E-7, 1.7159274534606084E-7, 1.1669854416140879E-7, 2.054280372476569E-7, -4.669489328534837E-8, 2.0876440487427317E-7, 9.070640061281665E-8, -1.4568162498562742E-7, 5.730512953050493E-8, -4.274227549672105E-8]
18789,[0.11872710287570953, 0.09554904699325562, 0.12062482535839081, -0.07738826423883438, 0.02424531616270542, -0.002619389910250902, -0.20448043942451477, 0.0732562318444252, -0.11016307771205902, -0.013697110116481781]
19009,[0.23466570675373077, 0.18885506689548492, 0.2384120523929596, -0.15295812487602234, 0.0479249432682991, -0.005178083665668964, -0.40415748953819275, 0.1447901576757431, -0.21773432195186615, -0.027074184268712997]
19225,[0.11872710287570953, 0.09554904699325562, 0.12062482535839081, -0.07738826423883438, 0.02424531616270542, -0.002619389910250902, -0.20448043942451477, 0.0732562318444252, -0.11016307771205902, -0.013697110116481781]
19229,[2.323809276515848E-13, 4.707411760743185E-13, 2.8644553634431247E-13, 4.353805727400073E-13, -1.183963815659314E-13, 5.143030099019619E-13, 2.2349887240404043E-13, -2.7044406753114203E-13, 1.0058479656821495E-13, -2.9566732634260517E-13]
19357,[-7.783933545467414E-13, 3.8068406391610077E-13, -1.5433809354777235E-14, -2.9898411762867283E-13, -1.8517896634498432E-13, 3.969570779396338E-14, 2.964457089635504E-14, 1.2844314099726833E-13, -2.1665358580520017E-13, -9.45752373984754E-13]
19369,[0.04866984114050865, 0.08743754774332047, -0.1383669674396515, -0.0047994027845561504, 0.17103178799152374, -0.04181550815701485, -0.06714926660060883, -0.03833144158124924, 0.13805632293224335, -0.07520110160112381]
19409,[0.11872710287570953, 0.09554904699325562, 0.12062482535839081, -0.07738826423883438, 0.02424531616270542, -0.002619389910250902, -0.20448043942451477, 0.0732562318444252, -0.11016307771205902, -0.013697110116481781]
19521,[2.1056126406262393E-13, 7.310458662035391E-13, 3.562331907323163E-13, 5.346892091410982E-13, -2.505712109156233E-13, 7.0071834619434E-13, 2.8638655574612926E-13, -4.4388386195859386E-13, 8.509765971314448E-14, -5.44342674234366E-13]
19541,[3.8683140024531326E-10, 3.13001811969027E-11, 9.48498710129364E-11, 2.611625637971571E-10, 5.1952574187108524E-12, 1.6022060067566457E-10, 5.922968365768E-11, -1.8247980904106953E-10, 1.1168170555020396E-10, 2.608731286546373E-10]
19549,[0.007954748347401619, -0.0201486237347126, 0.004314185585826635, -0.0074285720475018024, 0.03005913272500038, 0.0016189246671274304, 0.022111179307103157, 0.04743574932217598, -0.0013117946218699217, -0.0045202188193798065]
19565,[9.90821574092804E-13, -4.701088151572164E-13, -4.6831631725797324E-14, 2.22188641183646E-13, 1.5870036404810883E-13, -1.319738047143859E-13, -2.2075779247156258E-14, -2.438894084518667E-13, 2.320202949039618E-13, 1.17008345287134E-12]
19629,[-2.1685895267020694E-12, -8.751708667660563E-13, -8.820913292330312E-13, -1.914395725277629E-12, 1.7380724409623433E-13, -1.546562899447379E-12, -5.937552966656101E-13, 1.304521269653025E-12, -6.845138063142631E-13, -7.906902671668548E-13]
19789,[-4.612954185301277E-10, -2.0444416992670966E-10, -1.828745349596872E-10, -3.949860993834875E-10, 4.8865547025434E-11, -3.3657182596513735E-10, -1.3991671710122944E-10, 2.8745947289188223E-10, -1.3435967616270972E-10, -1.398477444958246E-10]
19813,[-1.0252145269881718E-12, -3.443088641887776E-13, -3.296524565907927E-13, -7.740760072857955E-13, 1.1299145077697456E-13, -6.180023940510759E-13, -2.4231945660105336E-13, 6.514049282618783E-13, -2.899885464136692E-13, -4.4627105830197245E-13]
19833,[0.23466570675373077, 0.18885506689548492, 0.2384120523929596, -0.15295812487602234, 0.0479249432682991, -0.005178083665668964, -0.40415748953819275, 0.1447901576757431, -0.21773432195186615, -0.027074184268712997]
20005,[4.781036122558646E-10, 1.4536183368107913E-10, 2.2047816350401206E-10, 5.059536678508891E-10, 1.7731587031999396E-11, 3.5239006157539166E-10, 9.50091602613945E-11, -2.3173801766418478E-10, 1.8421167369275793E-10, 2.518076025470606E-10]
20009,[-8.017876727134388E-13, 3.089911681554425E-13, -4.6929494524391296E-14, -4.003663991048595E-13, -1.125801248015243E-13, 6.450789897502517E-15, 8.409204186937344E-14, 2.748649560995603E-13, -2.520395459178204E-13, -9.83876717076948E-13]
20037,[9.099767380588153E-13, 8.216094905116877E-14, 2.1797795231141837E-13, 5.109248527729315E-13, 5.1258168309907884E-14, 3.99051993706101E-13, 2.547438442915967E-13, -3.2160480333519315E-13, 2.2084318694517296E-13, 4.810324230955509E-13]
20065,[0.11872710287570953, 0.09554904699325562, 0.12062482535839081, -0.07738826423883438, 0.02424531616270542, -0.002619389910250902, -0.20448043942451477, 0.0732562318444252, -0.11016307771205902, -0.013697110116481781]
20157,[2.126317134518163E-12, -3.775586004321589E-14, 4.5369204270187535E-13, 1.3658311677836044E-12, 1.154616766779748E-13, 7.247911038704702E-13, 2.3596863395550227E-13, -8.964481175606498E-13, 6.294037556767162E-13, 1.6595774234018368E-12]
20297,[4.406953735269781E-7, -2.6627169802395656E-8, 8.171389964672926E-8, 2.665647116373293E-7, 2.9565022430233512E-8, 1.311561987904497E-7, 4.437579192995145E-8, -1.7610300062642636E-7, 1.2584526132286555E-7, 3.600674745030119E-7]
20321,[8.376169202684025E-10, -1.1269967181704033E-9, -1.1574807085024119E-10, 4.970106548540798E-10, 5.217394294376732E-10, -4.88813822752121E-10, -5.510759071292171E-10, 1.3396118936359613E-10, 4.0867542683287184E-10, 2.0508359455106984E-9]
20397,[0.11873331665992737, 0.09555269032716751, 0.1206669732928276, -0.07741323858499527, 0.024230442941188812, -0.002628773683682084, -0.20453926920890808, 0.07328575104475021, -0.11021169275045395, -0.013685975223779678]
20429,[0.5666999220848083, 0.45607849955558777, 0.5757142901420593, -0.36937642097473145, 0.11576215922832489, -0.012510627508163452, -0.9760037064552307, 0.3496445417404175, -0.5257794857025146, -0.06539410352706909]
20485,[1.2762762851767362E-12, -2.533656132661967E-14, 2.306741765916581E-13, 6.809837524608675E-13, 7.843888976928962E-14, 4.1710198120901987E-13, 2.2781803570362524E-13, -4.751854834096625E-13, 3.236603151289541E-13, 9.00899309579789E-13]
20637,[0.11872710287570953, 0.09554904699325562, 0.12062482535839081, -0.07738826423883438, 0.02424531616270542, -0.002619389910250902, -0.20448043942451477, 0.0732562318444252, -0.11016307771205902, -0.013697110116481781]
20665,[8.044666515161225E-7, 5.520064405573066E-8, 2.478243743553321E-7, 6.718569238728378E-7, 7.157930781431787E-8, 3.9793022210687923E-7, 1.0829489838215522E-7, -3.157926471430983E-7, 2.672111349966144E-7, 5.766619324276689E-7]
20685,[0.11872710287570953, 0.09554904699325562, 0.12062482535839081, -0.07738826423883438, 0.02424531616270542, -0.002619389910250902, -0.20448043942451477, 0.0732562318444252, -0.11016307771205902, -0.013697110116481781]
20697,[2.8843450522973713E-13, 3.334406047713484E-13, 2.1674953769746513E-13, 3.0656279923456375E-13, -5.0361072327339065E-14, 4.1599005056597305E-13, 2.5186051703408874E-13, -1.6720132223202455E-13, 7.341957581176797E-14, -1.9991724475951905E-13]
20713,[2.4115545671499206E-10, 2.4631631803662124E-11, 4.644997927960581E-11, 6.357660231604001E-11, 2.859402992161364E-11, 1.0606544115221439E-10, 1.297122548260532E-10, -3.3053445397390746E-11, 3.096468220720183E-11, 5.729594923509218E-11]
20745,[-4.414921317419385E-9, -3.3325469050993206E-9, -2.3162387563502307E-9, -4.419591359550168E-9, 9.64834434569184E-10, -4.367105344016409E-9, -1.8908112853210923E-9, 3.3927380904685833E-9, -1.3007697141631525E-9, 6.363761601013707E-11]
20869,[0.11872710287570953, 0.09554904699325562, 0.12062482535839081, -0.07738826423883438, 0.02424531616270542, -0.002619389910250902, -0.20448043942451477, 0.0732562318444252, -0.11016307771205902, -0.013697110116481781]
20885,[0.13953110575675964, -0.06950502842664719, -0.15147794783115387, 0.031159505248069763, -0.40885767340660095, 0.04159511625766754, -0.14422060549259186, 0.30197957158088684, 0.29781466722488403, -0.14509552717208862]
20957,[-7.773269332898847E-13, 6.74628376166192E-13, 1.4298813326950321E-13, -8.67190366282515E-14, -2.606860853484466E-13, 3.2368517046375833E-13, 1.3921230433613235E-13, 1.913865862123408E-14, -1.8614003025572978E-13, -1.2268170420520752E-12]
21037,[5.4810980244530266E-14, -3.168914580070105E-14, -7.37148582734444E-14, -1.6154758737327302E-13, -4.05310720153363E-14, -8.623838947639795E-14, 3.345075410242371E-14, -4.5674394984467764E-14, -3.9073521436623626E-14, 2.242802636860143E-14]
21121,[0.11872710287570953, 0.09554904699325562, 0.12062482535839081, -0.07738826423883438, 0.02424531616270542, -0.002619389910250902, -0.20448043942451477, 0.0732562318444252, -0.11016307771205902, -0.013697110116481781]
21197,[0.11872710287570953, 0.09554904699325562, 0.12062482535839081, -0.07738826423883438, 0.02424531616270542, -0.002619389910250902, -0.20448043942451477, 0.0732562318444252, -0.11016307771205902, -0.013697110116481781]
21469,[-1.3168521178011372E-12, -3.225186773463812E-13, -4.0002465858009206E-13, -8.64953616543096E-13, 2.7684516327617856E-14, -7.296693631253515E-13, -3.959398184750357E-13, 6.23937696214022E-13, -3.4470757953770914E-13, -5.537878098801907E-13]
