1398,[0.23468457162380219, 0.18886569142341614, 0.23857639729976654, -0.15305733680725098, 0.047865238040685654, -0.005218134261667728, -0.4043906331062317, 0.14490751922130585, -0.217926487326622, -0.027028564363718033]
1410,[2.659918027347885E-5, -1.5100365999387577E-5, -2.3646391582587967E-6, -8.532742299394158E-7, 6.980460966587998E-6, -5.575775503530167E-6, 3.636718474808731E-6, -4.191796278973925E-7, 4.790237198903924E-6, 2.8799047868233174E-5]
2158,[5.975020825332855E-12, -2.2577752167851628E-10, -7.266654639126457E-11, -9.925102406604935E-11, 9.612464990649272E-11, -1.844552843799363E-10, -7.463540896424092E-11, 1.2619022493609577E-10, 1.0660058773204195E-11, 2.2665049004277904E-10]
2182,[-1.383114494046822E-7, 1.9230037651141174E-7, 8.954843622177577E-8, 5.6096915557191096E-8, -3.38702612623365E-8, 1.4677702608878462E-7, 7.771259902256134E-8, 2.6149580278911344E-8, -1.7372750349409216E-8, -3.0874730327923317E-7]
2634,[3.24410664347477E-13, -4.911954632098869E-13, -1.2217112629712978E-13, -2.5699882556817245E-14, 1.7816641445598386E-13, -3.2078698963648733E-13, -1.7402089968684975E-13, 6.287952472074088E-14, 1.0985877734858568E-13, 7.768203940348994E-13]
2754,[1.1652605963474727E-12, 4.400787189089844E-13, 4.991131748351141E-13, 1.0507645101243135E-12, -4.1863637800483924E-14, 8.363507369296697E-13, 3.3245677261498074E-13, -6.276901741431029E-13, 3.863511886716825E-13, 4.412182967074296E-13]
2950,[0.3592674136161804, 0.19702593982219696, 0.133927583694458, 0.09727377444505692, -0.014657528139650822, 0.27536457777023315, 0.29067954421043396, -0.10393907129764557, 0.04146502912044525, -0.10965906828641891]
4218,[-2.8904282396366443E-13, 3.0175544680176303E-13, 3.625175992185391E-14, -8.373609829614645E-14, -1.4294594425246637E-13, 1.2686009740522225E-13, 8.645622602164102E-14, -3.8293681919009115E-14, -1.0063330106290652E-13, -5.368675881460561E-13]
4318,[-3.5752447551974653E-13, -1.2422570296651697E-13, -1.8247964174867431E-13, -3.707853251863624E-13, -9.579131175882667E-15, -2.641871638987825E-13, -9.15481476434013E-14, 1.7289479310039768E-13, -1.421664028904493E-13, -1.5532887476243928E-13]
4382,[-7.94274455984123E-6, 1.3830042917106766E-5, 3.96993300455506E-6, 1.7602242223802023E-6, -4.877293122262927E-6, 9.429628335055895E-6, 4.936876393912826E-6, -2.246930762339616E-6, -2.4382106857956387E-6, -2.0639667127397843E-5]
4490,[0.23467731475830078, 0.18886172771453857, 0.23849456012248993, -0.15300703048706055, 0.04789547622203827, -0.005196622107177973, -0.40427255630493164, 0.14484803378582, -0.21782967448234558, -0.027052132412791252]
4570,[0.6283106207847595, 0.48934394121170044, 0.6003437638282776, -0.35257333517074585, 0.11260312795639038, 0.034756533801555634, -0.9288859367370605, 0.3320583701133728, -0.5196501016616821, -0.08268395066261292]
5254,[5.585824025544639E-10, 7.130253609766157E-10, 4.5018494487791827E-10, 7.904675802805627E-10, -2.061132375885677E-10, 8.332079470818599E-10, 3.23818416525512E-10, -5.609501196879307E-10, 2.0270868317240343E-10, -2.6166030453467215E-10]
5654,[2.449174196783588E-10, 1.0618688567332057E-10, 1.1015783424328518E-10, 2.472367865991032E-10, -1.2717778219428766E-11, 1.9539407591917524E-10, 6.603836921748041E-11, -1.4192073904961688E-10, 8.102363224793407E-11, 8.552469843436938E-11]
5746,[4.0840408832565345E-10, -2.0984128323853213E-10, -2.416153388473674E-11, 7.393729378746272E-11, 8.848292237795263E-11, -5.333843436372554E-11, 1.0223723777291749E-11, -5.842921285692526E-11, 8.71147112779802E-11, 4.711701584447781E-10]
6534,[5.943886875747761E-13, 2.9172928721170333E-13, 2.802026731300866E-13, 6.299754012721592E-13, -6.635266473634452E-14, 4.818709992658599E-13, 1.3943059489103515E-13, -4.065207101066476E-13, 2.0918024799289336E-13, 2.096142541225393E-13]
7658,[3.260224312739979E-10, 5.083982679288113E-10, 3.3290833978405487E-10, 5.592590834879729E-10, -1.2170428553837098E-10, 5.962877414056322E-10, 2.3139225258095308E-10, -3.3221608797262547E-10, 1.3819646815793618E-10, -2.450694924771568E-10]
8606,[8.75556571688918E-13, -3.806216409760199E-13, -3.44354705611883E-14, 1.1775046812167317E-13, 1.6461101416415796E-13, -7.550058668537307E-14, 9.38002795011425E-14, -1.3394579228328402E-13, 1.6745579803443406E-13, 8.870805565802664E-13]
8958,[0.11872710287570953, 0.09554904699325562, 0.12062482535839081, -0.07738826423883438, 0.02424531616270542, -0.002619389910250902, -0.20448043942451477, 0.0732562318444252, -0.11016307771205902, -0.013697110116481781]
9566,[-4.415712282934692E-6, 1.1674466804834083E-5, 3.844782895612298E-6, 2.5557453682267806E-6, -4.175456069788197E-6, 8.337953659065533E-6, 4.508816346060485E-6, -3.0389287530852016E-6, -1.362805960525293E-6, -1.5720897863502614E-5]
9754,[8.456852579330487E-11, -2.84315376797295E-10, -8.357414760240545E-11, -1.164392748886911E-10, 1.3596231085433175E-10, -2.0096584119055905E-10, -4.4815894051364324E-11, 1.6105032585311818E-10, 1.3917471342050902E-11, 2.9202981699505415E-10]
9898,[-7.89206157023048E-13, 1.1868468447612246E-13, -1.3466120308679858E-13, -5.039719726609992E-13, -6.348019305308858E-14, -1.7028021245639458E-13, -1.2993821047686317E-15, 3.293432692362541E-13, -2.5275005070650447E-13, -7.697285734145631E-13]
11078,[-2.8076681246602675E-7, 1.094853416816477E-7, -2.7808735314494015E-9, -8.888046210131506E-8, -4.6856509783310685E-8, 4.318227997401891E-9, -6.155774112670542E-9, 6.676261676830109E-8, -6.839966459892821E-8, -3.061584266106365E-7]
11086,[1.2940886426685005E-12, 1.7809745919781378E-13, 4.041194733451353E-13, 1.0232284854486129E-12, 3.667974195317898E-14, 6.52507290820753E-13, 2.09716521492459E-13, -6.028655222603541E-13, 4.209649664445314E-13, 8.39548970708176E-13]
11094,[6.136346986096441E-11, 9.913881521272927E-11, 5.914042866539404E-11, 9.604388812034514E-11, -2.540703411546552E-11, 1.13256827527497E-10, 5.0273930851663096E-11, -6.238069782948941E-11, 2.029758479349386E-11, -5.789767623665121E-11]
11158,[0.11872710287570953, 0.09554904699325562, 0.12062482535839081, -0.07738826423883438, 0.02424531616270542, -0.002619389910250902, -0.20448043942451477, 0.0732562318444252, -0.11016307771205902, -0.013697110116481781]
11242,[-6.770004290501674E-8, 8.773485049573537E-9, -1.2422267658962483E-8, -4.1189604615965436E-8, -7.268396551296519E-9, -1.7195228352306913E-8, -4.767869654642709E-9, 2.389457343099366E-8, -2.0679410184243352E-8, -6.067026703249212E-8]
11262,[1.6793458171380365E-14, 8.963632787406528E-13, 4.3576166980363595E-13, 5.765906415516886E-13, -2.7026834546403644E-13, 8.194447724541032E-13, 3.3632837725776354E-13, -3.8051159445551264E-13, 6.154981851882318E-14, -8.58118426576987E-13]
11358,[6.0882077377755195E-5, 7.470955551980296E-6, 1.2109097042412031E-5, 2.717236384341959E-5, 2.855128400369722E-7, 2.4301432858919725E-5, 1.9548788259271532E-5, -2.4089964426821098E-5, 1.2225236787344329E-5, 2.8093425498809665E-5]
11378,[-3.594447761656738E-8, -1.3463205661423672E-8, -1.2247892478001177E-8, -2.6913069106626608E-8, 4.499290273685119E-9, -2.2251663622796514E-8, -9.633291497834762E-9, 2.3247062941322838E-8, -1.0099965308540959E-8, -1.3517194474843564E-8]
11418,[7.290799908243883E-13, 1.4871774872780158E-13, 2.698899046957304E-13, 7.329745534481735E-13, -2.0846461696081252E-14, 4.172694904446689E-13, 3.176746246700418E-14, -4.5017196350846667E-13, 2.8502430992650984E-13, 5.404002982947742E-13]
11438,[0.23467731475830078, 0.18886172771453857, 0.23849456012248993, -0.15300703048706055, 0.04789547622203827, -0.005196622107177973, -0.40427255630493164, 0.14484803378582, -0.21782967448234558, -0.027052132412791252]
11466,[1.895687518635794E-13, 9.40093475613156E-14, 1.0165957973432699E-13, 2.5883627381186047E-13, -3.0542710423514877E-14, 1.648094231617228E-13, 2.1843076532535044E-16, -1.674773194475579E-13, 8.899435685995674E-14, 1.1385757245872818E-13]
11498,[0.11872710287570953, 0.09554904699325562, 0.12062482535839081, -0.07738826423883438, 0.02424531616270542, -0.002619389910250902, -0.20448043942451477, 0.0732562318444252, -0.11016307771205902, -0.013697110116481781]
11586,[-3.636034344705469E-13, 1.3383636917902592E-13, -2.1918117616552026E-14, -2.2031284945250168E-13, -1.2438097765827584E-14, 1.9589722300371835E-14, 1.0187379775481939E-13, 2.0716062329104168E-13, -1.390753153916388E-13, -5.158041962299853E-13]
11598,[0.097190260887146, 0.1746293604373932, -0.27640625834465027, -0.009566528722643852, 0.34161877632141113, -0.08351972699165344, -0.13407371938228607, -0.07658272236585617, 0.27578502893447876, -0.15020667016506195]
11650,[0.23466570675373077, 0.18885506689548492, 0.2384120523929596, -0.15295812487602234, 0.0479249432682991, -0.005178083665668964, -0.40415748953819275, 0.1447901576757431, -0.21773432195186615, -0.027074184268712997]
11730,[1.1097271105514617E-12, 1.943410371323638E-14, 2.1398079705706174E-13, 5.693505020741563E-13, 4.818534622957199E-14, 3.8128853373231575E-13, 2.320756434248672E-13, -4.298718499218257E-13, 2.781776274173725E-13, 7.244107115382536E-13]
11790,[0.3479129672050476, 0.27999618649482727, 0.35346052050590515, -0.22677293419837952, 0.07105857133865356, -0.007678193040192127, -0.5991985201835632, 0.21466179192066193, -0.3228040039539337, -0.04014236479997635]
11834,[5.099942690378612E-10, -6.879460889841482E-10, -7.056901590862807E-11, 3.031288553501099E-10, 3.1921409959778657E-10, -2.975747981359689E-10, -3.361506906163214E-10, 8.318042782340385E-11, 2.491050699049424E-10, 1.2505243507376917E-9]
11842,[-2.548782582559306E-13, 1.5303788780934163E-13, 3.253266186715835E-14, -4.4282452189717617E-14, -5.4342205106465424E-14, 5.1146844463716146E-14, 1.7841658055475773E-14, 4.4117467112251424E-14, -5.180407765628149E-14, -3.2978256085149094E-13]
11878,[0.4585947096347809, 0.369063138961792, 0.4663345217704773, -0.2991831302642822, 0.09348704665899277, -0.010248903185129166, -0.7904421091079712, 0.2832721173763275, -0.42601749300956726, -0.05277322605252266]
11918,[0.3479410409927368, 0.28001075983047485, 0.3538205325603485, -0.2269950956106186, 0.0709238201379776, -0.007774761412292719, -0.5997191071510315, 0.21492469310760498, -0.3232315480709076, -0.04003706946969032]
11922,[3.6960237648209215E-10, -1.0458525712131461E-10, 4.2119051302247357E-11, 1.7300501309325256E-10, 6.842622302105639E-11, 4.687331772723624E-11, 2.7810394612193257E-11, -8.086326053202697E-11, 1.0286710372398034E-10, 3.626671463141662E-10]
11934,[1.0643624653514094E-12, 4.450288607679015E-13, 4.870796691328061E-13, 1.053918562664291E-12, -8.291199622484022E-14, 7.822100172444335E-13, 2.4497596876407735E-13, -6.702963921759175E-13, 3.88321997170718E-13, 4.445143797320028E-13]
11974,[0.11872710287570953, 0.09554904699325562, 0.12062482535839081, -0.07738826423883438, 0.02424531616270542, -0.002619389910250902, -0.20448043942451477, 0.0732562318444252, -0.11016307771205902, -0.013697110116481781]
11982,[0.009278271347284317, 0.005703249480575323, 0.004838122054934502, 0.00964826624840498, -0.0013596059288829565, 0.008278789930045605, 0.00314560835249722, -0.00649631954729557, 0.0031668052542954683, 0.0016286547761410475]
12106,[-2.0466122286483257E-12, -5.605663706115781E-14, -4.908813156304093E-13, -1.4019113560997942E-12, -7.474333923052773E-14, -7.714272471683048E-13, -2.325790113884979E-13, 9.26716169080688E-13, -6.315141009953507E-13, -1.5497678010692462E-12]
12198,[0.04866984114050865, 0.08743754774332047, -0.1383669674396515, -0.0047994027845561504, 0.17103178799152374, -0.04181550815701485, -0.06714926660060883, -0.03833144158124924, 0.13805632293224335, -0.07520110160112381]
12298,[5.566285765645773E-10, 6.40079655944703E-11, 1.285989509325347E-10, 3.413588856027161E-10, 9.858408577326228E-13, 2.4600776971084315E-10, 1.1861020499104313E-10, -2.5601482045445323E-10, 1.4103716805546895E-10, 3.21367238376169E-10]
12306,[-1.4635335610080347E-8, 1.0638694369902169E-8, 1.529711912695575E-9, -3.4054594699739482E-9, -4.026548428015531E-9, 4.415402266033652E-9, 2.448359071038908E-9, 1.8876351592922447E-9, -4.000050957131407E-9, -2.1827293750220633E-8]
12478,[7.79741385485977E-5, -2.8780785214621574E-5, -9.996056178351864E-6, 3.25937526213238E-6, 5.2260293159633875E-6, -8.426348358625546E-6, 6.849636065453524E-6, -2.4307364583364688E-5, 9.771066288521979E-6, 7.581526733702049E-5]
12494,[-4.888718553239246E-13, -9.980508579960842E-14, -1.90908608908337E-13, -4.1281295872983015E-13, -4.8396870685292123E-14, -3.067593650884354E-13, -1.4439079272510202E-13, 1.61454671247091E-13, -1.5413098043964152E-13, -2.2650582581426604E-13]
12562,[0.11872710287570953, 0.09554904699325562, 0.12062482535839081, -0.07738826423883438, 0.02424531616270542, -0.002619389910250902, -0.20448043942451477, 0.0732562318444252, -0.11016307771205902, -0.013697110116481781]
12594,[-3.154401462257539E-10, 3.256546768359847E-11, -5.4732145898794826E-11, -1.6490393772716772E-10, -2.3082315572797718E-11, -7.358383347089159E-11, -3.359896388888117E-11, 1.202502125652316E-10, -9.213792229179063E-11, -2.6565111221898974E-10]
12646,[0.11872710287570953, 0.09554904699325562, 0.12062482535839081, -0.07738826423883438, 0.02424531616270542, -0.002619389910250902, -0.20448043942451477, 0.0732562318444252, -0.11016307771205902, -0.013697110116481781]
12694,[0.11873331665992737, 0.09555269032716751, 0.1206669732928276, -0.07741323858499527, 0.024230442941188812, -0.002628773683682084, -0.20453926920890808, 0.07328575104475021, -0.11021169275045395, -0.013685975223779678]
12730,[5.231757677393034E-5, -5.846941348863766E-6, 1.1623716090980452E-5, 3.7123318179510534E-5, 6.160946213640273E-6, 1.5355182767962106E-5, 2.311431444468326E-6, -1.8996272046933882E-5, 1.7456461137044244E-5, 4.8184632760239765E-5]
12750,[-3.5261556044843823E-13, -3.05825487547165E-13, -2.35703844679927E-13, -4.721928143630594E-13, 1.0097925642361949E-13, -3.895816232547117E-13, -9.387243315572141E-14, 3.441952398011011E-13, -1.5617283128602916E-13, -4.711826428701639E-14]
12826,[0.23466570675373077, 0.18885506689548492, 0.2384120523929596, -0.15295812487602234, 0.0479249432682991, -0.005178083665668964, -0.40415748953819275, 0.1447901576757431, -0.21773432195186615, -0.027074184268712997]
12950,[0.11872710287570953, 0.09554904699325562, 0.12062482535839081, -0.07738826423883438, 0.02424531616270542, -0.002619389910250902, -0.20448043942451477, 0.0732562318444252, -0.11016307771205902, -0.013697110116481781]
13062,[2.0021499378113788E-13, 8.691646306759754E-14, 1.6688011378589857E-13, 4.333179865270709E-13, 1.2496205920075124E-14, 2.178969624091337E-13, -5.3451217925512204E-14, -1.532971883114187E-13, 1.5028450218220607E-13, 2.0270575853704315E-13]
13126,[0.11873733252286911, 0.09555496275424957, 0.12070877104997635, -0.07743893563747406, 0.024215178564190865, -0.002639663638547063, -0.20459961891174316, 0.0733160749077797, -0.11026104539632797, -0.013674073852598667]
13174,[0.11872710287570953, 0.09554904699325562, 0.12062482535839081, -0.07738826423883438, 0.02424531616270542, -0.002619389910250902, -0.20448043942451477, 0.0732562318444252, -0.11016307771205902, -0.013697110116481781]
13230,[0.11872710287570953, 0.09554904699325562, 0.12062482535839081, -0.07738826423883438, 0.02424531616270542, -0.002619389910250902, -0.20448043942451477, 0.0732562318444252, -0.11016307771205902, -0.013697110116481781]
13302,[-1.185759247164242E-4, -2.6511388568906114E-5, -3.16858095175121E-5, -7.703770825173706E-5, 6.448171461670427E-6, -5.929089820710942E-5, -2.8599495635717176E-5, 6.363941793097183E-5, -3.067602665396407E-5, -5.9019646869273856E-5]
13318,[0.11872710287570953, 0.09554904699325562, 0.12062482535839081, -0.07738826423883438, 0.02424531616270542, -0.002619389910250902, -0.20448043942451477, 0.0732562318444252, -0.11016307771205902, -0.013697110116481781]
13358,[-1.396826773171489E-12, 8.228578951031962E-13, 9.131953006280558E-14, -2.674294704956004E-13, -3.3411958638186745E-13, 2.7923954923521344E-13, 5.10012496644785E-14, 1.8617851943285302E-13, -3.3921051189288176E-13, -1.7766738601154852E-12]
13394,[1.9004812914363844E-12, 6.248251021396742E-14, 4.508892987708374E-13, 1.2347947100574408E-12, 7.553940789941163E-14, 7.118330989756838E-13, 2.7409820832317855E-13, -8.233366787825658E-13, 5.647681758022549E-13, 1.3703566276515589E-12]
13498,[-6.699887498094748E-13, 3.2572143766895767E-13, 1.6559150223444986E-14, -2.0890038830712054E-13, -1.0998148192945673E-13, 8.125651437514494E-14, 5.3606492617271073E-14, 1.8341435954662838E-13, -1.7928039153063124E-13, -8.373106353230797E-13]
13658,[0.23466570675373077, 0.18885506689548492, 0.2384120523929596, -0.15295812487602234, 0.0479249432682991, -0.005178083665668964, -0.40415748953819275, 0.1447901576757431, -0.21773432195186615, -0.027074184268712997]
13794,[1.5621380057562195E-13, 8.859935896922411E-13, 4.3240571171408726E-13, 6.879363615222567E-13, -2.937198824003867E-13, 8.61946364977273E-13, 2.930220356720664E-13, -5.039294719358378E-13, 9.576416943506486E-14, -6.942802994840125E-13]
13834,[-1.6661343528803774E-12, 8.515020286092856E-14, -4.0632520134989414E-13, -1.2190980646850647E-12, -1.6510790401980807E-13, -5.925408818122091E-13, -1.240457525109387E-13, 6.375390124678526E-13, -5.521374915433419E-13, -1.4184474992143259E-12]
13886,[-2.5667584724331505E-10, 6.149125653109877E-11, -3.0603890949221224E-11, -1.3492061634590158E-10, -3.8036990224199485E-11, -4.2305006719978167E-11, -1.1343708958277965E-11, 7.416880304367268E-11, -7.2883796220502E-11, -2.5319576990590065E-10]
13890,[9.391838418082443E-9, 3.934256032067651E-9, 3.856055919015944E-9, 8.952275365459172E-9, 2.945245436425381E-11, 7.849626726397219E-9, 3.340400622775519E-9, -4.289289368131222E-9, 2.456874481637783E-9, 2.304233026606539E-9]
14134,[-2.992118552924694E-8, 8.607485557643457E-11, -7.375427379940902E-9, -2.1866556565441897E-8, -2.0329640193494924E-9, -1.1592335980026292E-8, -2.623029793369369E-9, 1.2657162429263735E-8, -9.712421089602685E-9, -2.4243227869646944E-8]
14182,[6.992103293926299E-13, -7.619783168148764E-13, -1.8840747646915734E-13, -5.6162306115393676E-14, 3.010102204385051E-13, -4.3637180457620217E-13, -1.420500408922873E-13, 9.185407561515882E-14, 1.6154621856803025E-13, 1.2241004650886955E-12]
14274,[-0.13438932597637177, 0.029619157314300537, 0.22944404184818268, 0.42401322722435, 0.11070568114519119, 0.11355240643024445, -0.1446557641029358, 0.10083909332752228, 0.17968542873859406, 0.09474148601293564]
14278,[-1.331045842122014E-12, -6.078664183334706E-14, -2.9038522888352736E-13, -7.495205085923662E-13, -3.287009946455373E-14, -4.733912914445249E-13, -2.518717927366826E-13, 5.696516392275641E-13, -3.6284316480214573E-13, -8.849571466254536E-13]
14350,[4.9264210488786375E-9, -2.8682004327151844E-8, -1.0544940032275463E-8, -1.5211151449534555E-8, 1.487239131847673E-8, -1.9385074878641717E-8, -2.788857589308691E-9, 2.07247001782207E-8, -1.7282909547944314E-9, 2.378199681629667E-8]
14434,[0.4585615396499634, 0.3690469264984131, 0.4658645987510681, -0.29889312386512756, 0.0936649963259697, -0.010121732950210571, -0.7897630929946899, 0.28292837738990784, -0.4254583418369293, -0.052912287414073944]
14502,[0.11872710287570953, 0.09554904699325562, 0.12062482535839081, -0.07738826423883438, 0.02424531616270542, -0.002619389910250902, -0.20448043942451477, 0.0732562318444252, -0.11016307771205902, -0.013697110116481781]
14518,[1.2307349150225688E-12, -2.330559790292286E-13, 1.438937266865989E-13, 5.856398807742302E-13, 1.1786204607774908E-13, 1.9702566401297306E-13, 8.558251492468E-14, -4.3027953704373456E-13, 3.3341054526611624E-13, 1.132140171541951E-12]
14558,[0.23466570675373077, 0.18885506689548492, 0.2384120523929596, -0.15295812487602234, 0.0479249432682991, -0.005178083665668964, -0.40415748953819275, 0.1447901576757431, -0.21773432195186615, -0.027074184268712997]
14610,[2.540547257012804E-6, -1.4720367289555725E-6, -2.3524550840647862E-7, -1.2791151959845593E-7, 7.277655527104798E-7, -5.400050895332242E-7, 4.4185134129293147E-7, 9.14579771915669E-8, 3.968428359257814E-7, 2.616596475490951E-6]
14626,[0.23466570675373077, 0.18885506689548492, 0.2384120523929596, -0.15295812487602234, 0.0479249432682991, -0.005178083665668964, -0.40415748953819275, 0.1447901576757431, -0.21773432195186615, -0.027074184268712997]
14646,[0.11872710287570953, 0.09554904699325562, 0.12062482535839081, -0.07738826423883438, 0.02424531616270542, -0.002619389910250902, -0.20448043942451477, 0.0732562318444252, -0.11016307771205902, -0.013697110116481781]
14730,[0.11872710287570953, 0.09554904699325562, 0.12062482535839081, -0.07738826423883438, 0.02424531616270542, -0.002619389910250902, -0.20448043942451477, 0.0732562318444252, -0.11016307771205902, -0.013697110116481781]
14842,[0.23466570675373077, 0.18885506689548492, 0.2384120523929596, -0.15295812487602234, 0.0479249432682991, -0.005178083665668964, -0.40415748953819275, 0.1447901576757431, -0.21773432195186615, -0.027074184268712997]
14846,[-8.639933213316908E-10, -4.579847612262711E-10, -4.0145392565804627E-10, -8.315100274991494E-10, 9.451334159749081E-11, -7.280678282484132E-10, -2.85810708433587E-10, 5.510471523528793E-10, -2.734763804301821E-10, -1.9829854425168492E-10]
14886,[-2.3985032626683278E-8, 3.2908507030526835E-9, -2.9013489388773905E-9, -1.0278419004805528E-8, -2.1779360537266257E-9, -4.92333329660255E-9, -3.4974405593857227E-9, 7.803842017040097E-9, -5.827774707256594E-9, -1.936454196993509E-8]
15062,[4.709343809014555E-13, 4.0486160973220164E-13, 2.9385798265210705E-13, 6.340324858016E-13, -1.3712070216255479E-13, 5.238835081890214E-13, 1.19439343398281E-13, -4.613180497325953E-13, 1.8949510743101333E-13, 6.074679740350822E-14]
15086,[2.0452908811030568E-10, -9.914429693891336E-11, 6.273102263337771E-12, 8.914052135322592E-11, 3.930853559319658E-11, -1.8261590156720686E-11, -2.4440612728104938E-11, -5.4405979721394715E-11, 6.522795498176137E-11, 2.685144884218005E-10]
15250,[0.23561646044254303, 0.18960805237293243, 0.23985514044761658, -0.15387225151062012, 0.04791653901338577, -0.005336982663720846, -0.4064733684062958, 0.14573019742965698, -0.2191939651966095, -0.027027519419789314]
15294,[-4.41674119500135E-9, -3.3326810200406953E-9, -2.316687508496784E-9, -4.420810828520416E-9, 9.647860288453103E-10, -4.367861627940783E-9, -1.891105050333408E-9, 3.393556102793127E-9, -1.3012978472559666E-9, 6.240542110846903E-11]
15330,[-8.580793410886689E-13, 6.14550023283339E-13, 1.1869318191064931E-13, -1.200021256409639E-13, -2.2076662871926833E-13, 2.7068058623506974E-13, 1.0670560572287324E-13, 1.0775350067510764E-13, -2.035719954152776E-13, -1.2294338724155862E-12]
15422,[0.11885642260313034, 0.0956505611538887, 0.12083479762077332, -0.07751987129449844, 0.024237390607595444, -0.002643842715770006, -0.2048119753599167, 0.07339335232973099, -0.11037762463092804, -0.01368605438619852]
15430,[0.11873331665992737, 0.09555269032716751, 0.1206669732928276, -0.07741323858499527, 0.024230442941188812, -0.002628773683682084, -0.20453926920890808, 0.07328574359416962, -0.11021169275045395, -0.013685975223779678]
15438,[1.2924247982937231E-7, -3.381514446232359E-8, 2.12059454440805E-8, 6.118350626138636E-8, 3.10654115764919E-8, 2.2732596249852577E-8, 2.1145352135931716E-8, -1.470573085526894E-8, 3.617536492583895E-8, 1.1395351862120151E-7]
15470,[0.23466570675373077, 0.18885506689548492, 0.2384120523929596, -0.15295812487602234, 0.0479249432682991, -0.005178083665668964, -0.40415748953819275, 0.1447901576757431, -0.21773432195186615, -0.027074184268712997]
15498,[-5.273876013234258E-6, 3.206653491361067E-5, 1.748235990817193E-5, 2.38284428633051E-5, -7.0692326517018955E-6, 2.996712464664597E-5, 1.118718137149699E-5, -7.885090781201143E-6, 2.0568879790516803E-6, -3.5018227208638564E-5]
15518,[-5.477449462887307E-7, 1.3738420534537E-7, -6.07728836143906E-8, -2.8501045790108037E-7, -8.165302034512933E-8, -8.773415061114065E-8, -2.2201714244829418E-8, 1.5761474969622213E-7, -1.515735732482426E-7, -5.385658710110874E-7]
15558,[-8.829805331345142E-9, -6.663753104874104E-9, -4.632167094342776E-9, -8.838501486252426E-9, 1.92905535989496E-9, -8.733252343517961E-9, -3.781034596528343E-9, 6.7845853379822074E-9, -2.6015916088084623E-9, 1.2603909582686867E-10]
15590,[0.11872710287570953, 0.09554904699325562, 0.12062482535839081, -0.07738826423883438, 0.02424531616270542, -0.002619389910250902, -0.20448043942451477, 0.0732562318444252, -0.11016307771205902, -0.013697110116481781]
15646,[7.116873279935931E-13, 4.929726332009166E-13, 4.089752354049375E-13, 8.188346918916456E-13, -1.300344245258253E-13, 6.890748822235837E-13, 2.208164884666755E-13, -5.554035421677372E-13, 2.726309575231539E-13, 1.2754063755636424E-13]
15814,[0.11872710287570953, 0.09554904699325562, 0.12062482535839081, -0.07738826423883438, 0.02424531616270542, -0.002619389910250902, -0.20448043942451477, 0.0732562318444252, -0.11016307771205902, -0.013697110116481781]
15878,[-8.200285204562965E-14, -2.697476573707003E-13, -1.849385309607085E-13, -3.293778823906107E-13, 7.01210533323067E-14, -3.000024003090712E-13, -5.841621674232411E-14, 1.710976195792857E-13, -8.173428839124142E-14, 1.3907156134161658E-13]
15914,[-1.7107598974594462E-13, 4.5126101748567404E-13, 1.9978628668960996E-13, 1.9899443963293517E-13, -8.955604812420359E-14, 4.0552462646573084E-13, 1.9851140046003857E-13, -2.2460071319061956E-14, -3.1443912821811984E-14, -6.22940555475987E-13]
16058,[0.11872710287570953, 0.09554904699325562, 0.12062482535839081, -0.07738826423883438, 0.02424531616270542, -0.002619389910250902, -0.20448043942451477, 0.0732562318444252, -0.11016307771205902, -0.013697110116481781]
16194,[-1.2874502896068063E-12, 7.487944183974526E-13, 3.683937039428674E-14, -4.620115596522256E-13, -2.939753475372786E-13, 2.1538340230255193E-13, 1.777242090474085E-13, 2.638204867240479E-13, -3.8069655934613866E-13, -1.781254397453802E-12]
16246,[1.4769513737022955E-12, 9.934282129558936E-13, 7.545393346589102E-13, 1.4754042172021586E-12, -2.537401170253639E-13, 1.3973950035300886E-12, 5.80993044473066E-13, -1.053775881658392E-12, 4.550592758514882E-13, 1.0973659454001014E-13]
16266,[-1.4634454537088004E-8, 1.0639501724085676E-8, 1.5303075473482863E-9, -3.4043423635665704E-9, -4.026691424741102E-9, 4.4165209267532646E-9, 2.4488160388358438E-9, 1.887018541424368E-9, -3.999760078698955E-9, -2.1827473162261413E-8]
16474,[0.11872710287570953, 0.09554904699325562, 0.12062482535839081, -0.07738826423883438, 0.02424531616270542, -0.002619389910250902, -0.20448043942451477, 0.0732562318444252, -0.11016307771205902, -0.013697110116481781]
16646,[-2.82681544838681E-10, -9.954530949540796E-11, -9.79688899449549E-11, -2.2928069165484288E-10, 3.1824994028983866E-11, -1.7782886274630982E-10, -6.08122094347685E-11, 1.8531494394569137E-10, -8.696843245559194E-11, -1.2977628693899845E-10]
16822,[0.11872710287570953, 0.09554904699325562, 0.12062482535839081, -0.07738826423883438, 0.02424531616270542, -0.002619389910250902, -0.20448043942451477, 0.0732562318444252, -0.11016307771205902, -0.013697110116481781]
16846,[2.640049290292268E-10, -6.032983834725059E-11, 3.0041014814630174E-11, 1.1207500899557132E-10, 3.57810725493124E-11, 3.40333074222432E-11, 2.6143994955041272E-11, -7.312234151513053E-11, 7.140132235461394E-11, 2.4481827676225976E-10]
16882,[-4.218592977115604E-13, -6.593249404285902E-16, -1.0585845080287454E-13, -2.940883756137602E-13, -3.350825069888333E-14, -1.6384213864101271E-13, -5.692583177844407E-14, 1.633776122202113E-13, -1.288052645228785E-13, -3.1156766619813703E-13]
16946,[0.3479129672050476, 0.27999618649482727, 0.35346052050590515, -0.22677293419837952, 0.07105857133865356, -0.007678193040192127, -0.5991985201835632, 0.21466179192066193, -0.3228040039539337, -0.04014236479997635]
17086,[0.11872710287570953, 0.09554904699325562, 0.12062482535839081, -0.07738826423883438, 0.02424531616270542, -0.002619389910250902, -0.20448043942451477, 0.0732562318444252, -0.11016307771205902, -0.013697110116481781]
17154,[-1.1093682222851342E-10, -9.501727182836817E-11, -7.8014920912306E-11, -1.8279008862087665E-10, 3.023209113606207E-11, -1.3152232081203863E-10, -1.1105511475706376E-11, 1.1611584610493608E-10, -5.499814839660111E-11, -3.380205143566073E-11]
17226,[-1.0711698450904805E-5, 1.937301703947014E-6, -1.5775951851537684E-6, -5.343861175788334E-6, -1.5798837011971045E-6, -2.2633241769653978E-6, -1.3218582353147212E-6, 2.808160388667602E-6, -2.9105917747074272E-6, -9.319986929767765E-6]
17410,[0.11872710287570953, 0.09554904699325562, 0.12062482535839081, -0.07738826423883438, 0.02424531616270542, -0.002619389910250902, -0.20448043942451477, 0.0732562318444252, -0.11016307771205902, -0.013697110116481781]
17482,[0.11872710287570953, 0.09554904699325562, 0.12062482535839081, -0.07738826423883438, 0.02424531616270542, -0.002619389910250902, -0.20448043942451477, 0.0732562318444252, -0.11016307771205902, -0.013697110116481781]
17490,[-1.5427274320245488E-6, 1.265170908482105E-6, 3.0471576906165865E-7, -1.758637679927233E-8, -4.7121082502599165E-7, 6.327732080535498E-7, 1.6354999843315454E-7, 4.916257267950641E-8, -3.1600629313288664E-7, -2.265337343487772E-6]
17594,[0.11872710287570953, 0.09554904699325562, 0.12062482535839081, -0.07738826423883438, 0.02424531616270542, -0.002619389910250902, -0.20448043942451477, 0.0732562318444252, -0.11016307771205902, -0.013697110116481781]
17622,[-1.9471423229333595E-7, 4.543908360687965E-8, -2.5971180761530377E-8, -1.1987788184342207E-7, -2.056808234840446E-8, -2.8932044315865824E-8, 1.0301519637323509E-8, 7.683954095227818E-8, -6.38519352946787E-8, -2.133185006414351E-7]
17694,[0.3479129672050476, 0.27999618649482727, 0.35346052050590515, -0.22677293419837952, 0.07105857133865356, -0.007678193040192127, -0.5991985201835632, 0.21466179192066193, -0.3228040039539337, -0.04014236479997635]
17746,[0.11872710287570953, 0.09554904699325562, 0.12062482535839081, -0.07738826423883438, 0.02424531616270542, -0.002619389910250902, -0.20448043942451477, 0.0732562318444252, -0.11016307771205902, -0.013697110116481781]
17854,[-8.570334112528721E-13, -4.935133790344437E-14, -2.3997486940305346E-13, -7.208627141389035E-13, -1.2602613587040998E-15, -3.476757727202684E-13, -1.4659887209332242E-14, 4.769723028000272E-13, -3.0879617439472096E-13, -7.255150256610388E-13]
17898,[0.04866984114050865, 0.08743754774332047, -0.1383669674396515, -0.0047994027845561504, 0.17103178799152374, -0.04181550815701485, -0.06714926660060883, -0.03833144158124924, 0.13805632293224335, -0.07520110160112381]
17974,[-4.447051179991973E-13, 5.455216356767267E-13, 1.4366903933887842E-13, -6.358165404764249E-14, -1.6685852461013895E-13, 3.2850477438110814E-13, 2.448283004281848E-13, 3.913212256404647E-14, -1.42560008936643E-13, -9.790380312013625E-13]
17994,[0.11872710287570953, 0.09554904699325562, 0.12062482535839081, -0.07738826423883438, 0.02424531616270542, -0.002619389910250902, -0.20448043942451477, 0.0732562318444252, -0.11016307771205902, -0.013697110116481781]
18070,[0.14266447722911835, 0.256294846534729, -0.405559241771698, -0.014072922058403492, 0.5013132691383362, -0.12256567180156708, -0.19683553278446198, -0.11234810203313828, 0.40464937686920166, -0.22042295336723328]
18270,[0.11872710287570953, 0.09554904699325562, 0.12062482535839081, -0.07738826423883438, 0.02424531616270542, -0.002619389910250902, -0.20448043942451477, 0.0732562318444252, -0.11016307771205902, -0.013697110116481781]
18494,[1.2564880776458343E-12, -1.7696200136762402E-13, 1.9159905595683008E-13, 7.177959940839196E-13, 1.1867179602279704E-13, 2.9711877489596583E-13, 7.941362817993555E-14, -4.614588875948011E-13, 3.6122816435106564E-13, 1.135402102198091E-12]
18602,[0.11872710287570953, 0.09554904699325562, 0.12062482535839081, -0.07738826423883438, 0.02424531616270542, -0.002619389910250902, -0.20448043942451477, 0.0732562318444252, -0.11016307771205902, -0.013697110116481781]
18870,[3.2883637761556284E-13, 2.2126719130977773E-13, 2.475765632000554E-13, 5.682741061573127E-13, -1.586492879613894E-14, 3.865767569336681E-13, 3.9593084670205836E-14, -2.4066198252986615E-13, 1.770600810066525E-13, 1.3510225653056568E-13]
19130,[0.11872710287570953, 0.09554904699325562, 0.12062482535839081, -0.07738826423883438, 0.02424531616270542, -0.002619389910250902, -0.20448043942451477, 0.0732562318444252, -0.11016307771205902, -0.013697110116481781]
19150,[0.00592233007773757, -0.0014340663328766823, 5.525859305635095E-4, 0.0028992772568017244, 6.014576065354049E-4, 6.780453259125352E-4, 5.5107204389059916E-5, -0.0021404079161584377, 0.0016629179008305073, 0.006029724609106779]
19194,[0.11872710287570953, 0.09554904699325562, 0.12062482535839081, -0.07738826423883438, 0.02424531616270542, -0.002619389910250902, -0.20448043942451477, 0.0732562318444252, -0.11016307771205902, -0.013697110116481781]
19438,[0.04866984114050865, 0.08743754774332047, -0.1383669674396515, -0.0047994027845561504, 0.17103178799152374, -0.04181550815701485, -0.06714926660060883, -0.03833144158124924, 0.13805632293224335, -0.07520110160112381]
19550,[-1.169941210577008E-8, -4.285793497871282E-9, -5.073032216529327E-9, -9.932959343927905E-9, -7.184658978864888E-10, -9.186143401507252E-9, -4.9606363461407454E-9, 4.036575518284735E-9, -3.2479570144516856E-9, -2.5888400312368276E-9]
19590,[-1.2573083850095368E-12, 1.6769734472593667E-13, -1.7357324616235764E-13, -6.720850547099755E-13, -8.117955634968921E-14, -2.62671991362734E-13, -7.020136560823356E-14, 5.118555319177931E-13, -3.5708434364782604E-13, -1.1432152967338904E-12]
19622,[0.05839419364929199, -0.1482367366552353, 0.031818825751543045, -0.0547984279692173, 0.22117413580417633, 0.011815940029919147, 0.16273000836372375, 0.3490486443042755, -0.009640047326683998, -0.033432479947805405]
19706,[1.7160306379007673E-12, 1.490888304738619E-13, 4.542480215759259E-13, 1.2626477554483762E-12, 6.841779458922155E-15, 7.280276641957739E-13, 1.876317162622168E-13, -8.733630138535453E-13, 5.489147005856287E-13, 1.2522347525231736E-12]
19730,[-6.371645290374761E-13, 8.942520118501718E-13, 2.338358456518974E-13, 5.553589475771302E-14, -3.2002062133086595E-13, 5.768271602556163E-13, 2.9039485117780817E-13, -9.961684119741063E-14, -1.8576744417915514E-13, -1.4097664008394517E-12]
19798,[0.11872710287570953, 0.09554904699325562, 0.12062482535839081, -0.07738826423883438, 0.02424531616270542, -0.002619389910250902, -0.20448043942451477, 0.0732562318444252, -0.11016307771205902, -0.013697110116481781]
19806,[0.11872710287570953, 0.09554904699325562, 0.12062482535839081, -0.07738826423883438, 0.02424531616270542, -0.002619389910250902, -0.20448043942451477, 0.0732562318444252, -0.11016307771205902, -0.013697110116481781]
19854,[0.11872710287570953, 0.09554904699325562, 0.12062482535839081, -0.07738826423883438, 0.02424531616270542, -0.002619389910250902, -0.20448043942451477, 0.0732562318444252, -0.11016307771205902, -0.013697110116481781]
19886,[0.4585615396499634, 0.3690469264984131, 0.4658645987510681, -0.29889312386512756, 0.0936649963259697, -0.010121732950210571, -0.7897630929946899, 0.28292837738990784, -0.4254583418369293, -0.052912287414073944]
19898,[3.159526897889009E-7, 1.014404844568162E-7, 1.250230496907534E-7, 2.9923165811851504E-7, -1.0647780435135701E-8, 2.1464840926910256E-7, 6.448873079989426E-8, -1.7825459508458152E-7, 1.0537266348364938E-7, 1.5356746985162317E-7]
20014,[1.388570682048229E-12, 1.9441738529409752E-13, 3.915166801871095E-13, 1.057139076797442E-12, -2.912991367760333E-14, 6.448470772114911E-13, 1.7224286233408215E-13, -7.547342199994145E-13, 4.423562753076704E-13, 9.45102828463218E-13]
20118,[1.1097534002857401E-10, -3.1664518229668204E-10, -1.469879773452476E-10, -1.678759214973624E-10, 8.18622600262664E-11, -2.723961334272218E-10, -1.0435296377009351E-10, 6.345093200854635E-11, 1.7283943373747057E-12, 3.8907863042503266E-10]
20190,[0.07875068485736847, -0.01918179914355278, 0.007325930520892143, 0.03842717409133911, 0.007996641099452972, 0.008852203376591206, 6.9983716821298E-4, -0.0284162275493145, 0.022143647074699402, 0.08025279641151428]
20318,[0.11872710287570953, 0.09554904699325562, 0.12062482535839081, -0.07738826423883438, 0.02424531616270542, -0.002619389910250902, -0.20448043942451477, 0.0732562318444252, -0.11016307771205902, -0.013697110116481781]
20350,[0.11872710287570953, 0.09554904699325562, 0.12062482535839081, -0.07738826423883438, 0.02424531616270542, -0.002619389910250902, -0.20448043942451477, 0.0732562318444252, -0.11016307771205902, -0.013697110116481781]
20470,[0.11872710287570953, 0.09554904699325562, 0.12062482535839081, -0.07738826423883438, 0.02424531616270542, -0.002619389910250902, -0.20448043942451477, 0.0732562318444252, -0.11016307771205902, -0.013697110116481781]
20634,[5.643704170665842E-8, -1.58720396825629E-7, -6.030355592656633E-8, -7.230229925880849E-8, 6.204186320246663E-8, -1.1686297796131839E-7, -3.431290807043297E-8, 6.46875122356505E-8, 3.368262779801512E-9, 1.787178689482971E-7]
20990,[0.055950894951820374, -0.1419956386089325, 0.030469143763184547, -0.05247396230697632, 0.21185922622680664, 0.011330053210258484, 0.15587209165096283, 0.33434703946113586, -0.009235777892172337, -0.03200392425060272]
21022,[5.889261517691424E-14, -8.37655140563387E-13, -3.7893570659780496E-13, -5.130405648923198E-13, 2.7659886642390774E-13, -7.344097660740012E-13, -2.6510645892083295E-13, 3.6779092141628333E-13, -4.126177006948291E-14, 8.130207661619093E-13]
21046,[-7.07434653392236E-13, -5.541060232178152E-13, -3.7796539986353905E-13, -7.23879127213084E-13, 1.5892003696078155E-13, -7.235992404222569E-13, -3.09666978474607E-13, 5.492850640477498E-13, -2.0779301131319816E-13, 2.7891019572026665E-14]
21162,[0.11872710287570953, 0.09554904699325562, 0.12062482535839081, -0.07738826423883438, 0.02424531616270542, -0.002619389910250902, -0.20448043942451477, 0.0732562318444252, -0.11016307771205902, -0.013697110116481781]
21218,[-3.6073417473622693E-13, 1.53654026351438E-13, -6.7858587672609E-14, -2.6426408804292034E-13, -1.195113750801155E-13, -4.797564458875435E-14, 2.2077862948206503E-14, 3.2588349201242636E-14, -1.3843644926150173E-13, -4.478825622010463E-13]
21246,[7.644688215791007E-10, -1.2388537418139833E-10, 9.227205111095316E-11, 3.585152175133999E-10, 5.7103610034969776E-11, 1.284055639594328E-10, 5.7591098556741827E-11, -2.8839433618976784E-10, 2.0820922763675753E-10, 6.912903027789241E-10]
21290,[0.11872710287570953, 0.09554904699325562, 0.12062482535839081, -0.07738826423883438, 0.02424531616270542, -0.002619389910250902, -0.20448043942451477, 0.0732562318444252, -0.11016307771205902, -0.013697110116481781]
21446,[2.0956493647621838E-13, -4.5801947981928895E-14, 2.370654806358244E-14, 7.118490638526737E-14, 2.555345766529129E-14, 1.7229722490863693E-14, 3.1878942167258215E-14, -5.571025818397121E-14, 5.317498354075363E-14, 1.7975429630022466E-13]
