1719,[0.23467731475830078, 0.18886172771453857, 0.23849456012248993, -0.15300703048706055, 0.04789547622203827, -0.005196622107177973, -0.40427255630493164, 0.14484803378582, -0.21782967448234558, -0.027052132412791252]
2155,[-2.4245225358754396E-4, 9.87592193268938E-6, -5.089520345791243E-5, -1.4950275362934917E-4, -1.838142088672612E-5, -7.88388861110434E-5, -3.067480065510608E-5, 9.270852751797065E-5, -7.082248339429498E-5, -1.8876649846788496E-4]
2555,[3.5403291409608073E-10, 1.0314060716609674E-10, 1.573557395495584E-10, 3.5437289214179657E-10, 1.95731677393729E-11, 2.5964994043725653E-10, 8.554154606876807E-11, -1.545165800864723E-10, 1.27023155882533E-10, 1.6937755364931917E-10]
2867,[-2.131128051807707E-10, -1.45809041923739E-11, -5.6156301830867505E-11, -1.237631386263871E-10, -1.5666757821608535E-11, -8.718104016480765E-11, -5.620436754893987E-11, 7.218631942196296E-11, -5.833028504653726E-11, -1.230735235946412E-10]
2951,[-0.08911041170358658, -0.26211315393447876, 0.16957363486289978, -0.37396833300590515, 0.0142119275406003, 0.3029203712940216, -0.1483364701271057, -0.12189532071352005, 0.3163912296295166, -0.011278477497398853]
2963,[0.09413184225559235, 0.03964520990848541, 0.04551476985216141, 0.016116922721266747, -0.002769067417830229, 0.0879950225353241, 0.06533893197774887, -0.0381539985537529, 0.0275038443505764, -0.021337982267141342]
4011,[-1.5828935939765643E-9, 4.6978441969880436E-11, -3.3857153192151657E-10, -1.0041086850876013E-9, -1.1291630130916275E-10, -5.372626232791333E-10, -1.930849646836208E-10, 6.212197978250344E-10, -4.663249786318602E-10, -1.2322485254401272E-9]
5079,[-1.083900547441119E-12, 2.0569806166541305E-13, -1.5567575169499887E-13, -6.128544395057889E-13, -1.1751903161542898E-13, -1.9842648032487864E-13, -3.182183520595433E-14, 3.8633788009001524E-13, -3.2747573099414784E-13, -1.0591092889852827E-12]
6323,[0.3479129672050476, 0.27999618649482727, 0.35346052050590515, -0.22677293419837952, 0.07105857133865356, -0.007678193040192127, -0.5991985201835632, 0.21466179192066193, -0.3228040039539337, -0.04014236479997635]
7563,[-7.255529185269671E-13, 1.0236193267792668E-13, -7.605687049128465E-14, -3.115305051686751E-13, -5.337321635546545E-14, -1.3885659115586702E-13, -8.862752383115985E-14, 2.5844278973841117E-13, -1.7268186934624868E-13, -6.012029524389562E-13]
7687,[5.3207426390144974E-5, 6.576443865924375E-6, 1.0587097676761914E-5, 2.3787177269696258E-5, 2.424337424145051E-7, 2.128329833794851E-5, 1.7102929632528685E-5, -2.1068539354018867E-5, 1.0664372894098051E-5, 2.450905776640866E-5]
7787,[0.11873331665992737, 0.09555269032716751, 0.1206669732928276, -0.07741323858499527, 0.024230442941188812, -0.002628773683682084, -0.20453926920890808, 0.07328575104475021, -0.11021169275045395, -0.013685975223779678]
7907,[3.6620019727706676E-6, -2.0824427338084206E-6, -3.247168081088603E-7, -1.1894811535739791E-7, 9.663453965913504E-7, -7.664862096135039E-7, 5.03543276408891E-7, -4.9546915903420086E-8, 6.596775392608833E-7, 3.9644578464503866E-6]
8371,[0.11993478983640671, 0.09597723186016083, 0.12186309695243835, -0.07790602743625641, 0.024304384365677834, -0.002717848401516676, -0.20636339485645294, 0.07393447309732437, -0.11123932152986526, -0.013137088157236576]
8767,[4.087534080099431E-7, 1.3616512433145544E-6, 6.254591085053107E-7, 8.076063977568992E-7, -4.604026742072165E-7, 1.2714813237835187E-6, 6.558412337653863E-7, -7.586482979604625E-7, 1.0300130526275098E-7, -1.1340557648509275E-6]
9227,[-1.9097642575422596E-13, 2.092471161618814E-13, 8.587682838066477E-14, 8.607084635943105E-14, -5.657353383502206E-14, 1.4679006437017666E-13, 2.922254520071506E-14, -1.939908737119689E-15, -1.8776889155395875E-14, -3.1462354423139605E-13]
9363,[0.009666670113801956, 0.0034359644632786512, 0.0036507188342511654, 0.008052870631217957, -6.903604371473193E-4, 0.006318575702607632, 0.0025142128579318523, -0.0056587401777505875, 0.0029805719386786222, 0.003957946784794331]
9467,[-1.1244005943336632E-12, -5.937329621008569E-13, -5.32760196635812E-13, -1.0975880577676622E-12, 9.689903095405974E-14, -9.679325483485934E-13, -3.93107313194363E-13, 6.742048325875105E-13, -3.5232103692828254E-13, -2.3584213466702753E-13]
10403,[0.23467731475830078, 0.18886172771453857, 0.23849456012248993, -0.15300703048706055, 0.04789547622203827, -0.005196622107177973, -0.40427255630493164, 0.14484803378582, -0.21782967448234558, -0.027052132412791252]
10743,[2.7761813166252494E-14, -7.538560162397012E-13, -3.5406608742995227E-13, -4.669460889998589E-13, 2.5616355282635783E-13, -6.491658881453699E-13, -2.4032368434699636E-13, 3.5418483467289374E-13, -5.2890282214654305E-14, 7.103522956485031E-13]
11079,[1.1885741956624285E-12, -1.7022213987753082E-13, 1.7864571313138539E-13, 6.100347549158058E-13, 1.1106243827168835E-13, 2.4944320697536937E-13, 1.1284717734913463E-13, -4.1774578045904176E-13, 3.3250011359682585E-13, 1.0350283997928589E-12]
11083,[1.166623464499139E-10, 7.451401995428597E-11, 5.5937435239350464E-11, 1.2566042650874465E-10, -2.955700614815093E-11, 9.952778184940669E-11, 2.5416191720695203E-11, -1.0441685710516069E-10, 4.068619746666613E-11, 3.254444283506963E-11]
11087,[0.23466570675373077, 0.18885506689548492, 0.2384120523929596, -0.15295812487602234, 0.0479249432682991, -0.005178083665668964, -0.40415748953819275, 0.1447901576757431, -0.21773432195186615, -0.027074184268712997]
11155,[0.11873331665992737, 0.09555269032716751, 0.1206669732928276, -0.07741323858499527, 0.024230442941188812, -0.002628773683682084, -0.20453926920890808, 0.07328575104475021, -0.11021169275045395, -0.013685975223779678]
11207,[-5.181694374793711E-13, -7.253120088042408E-13, -4.826528716625478E-13, -8.397157752124129E-13, 1.5240810187239912E-13, -8.935327521289449E-13, -3.543897759885478E-13, 4.630126035180815E-13, -1.992576703678875E-13, 3.315814962011332E-13]
11219,[-0.01577947288751602, -0.059855733066797256, 0.02656671032309532, -0.07967621833086014, -0.019218146800994873, 0.0631551444530487, -0.04102175310254097, -0.007540158461779356, 0.08256304264068604, -0.010346097871661186]
11259,[2.449174196783588E-10, 1.0618688567332057E-10, 1.1015783424328518E-10, 2.472367865991032E-10, -1.2717778219428766E-11, 1.9539407591917524E-10, 6.603836921748041E-11, -1.4192073904961688E-10, 8.102363224793407E-11, 8.552469843436938E-11]
11271,[-0.017131507396697998, 0.09460045397281647, 0.32431381940841675, -0.13980168104171753, -0.06653816998004913, -0.4126865267753601, 0.1312514692544937, -0.03726368024945259, 0.2498648315668106, -0.05083237215876579]
11275,[-3.093805767129254E-10, 3.418806349131387E-10, 3.7545543063455256E-11, -1.5077515624906113E-10, -1.5347544068955443E-10, 1.4502850309572324E-10, 1.4335363451856153E-10, -1.8886862560019146E-11, -1.211940825474045E-10, -6.341504543705412E-10]
11319,[0.11872710287570953, 0.09554904699325562, 0.12062482535839081, -0.07738826423883438, 0.02424531616270542, -0.002619389910250902, -0.20448043942451477, 0.0732562318444252, -0.11016307771205902, -0.013697110116481781]
11355,[9.45888811720863E-10, 5.77719226624307E-11, 2.0707439929434912E-10, 5.557033722070059E-10, 3.8983871686326665E-11, 3.8599515250759E-10, 2.0190604743675067E-10, -3.7716951784005914E-10, 2.402227861075801E-10, 5.837088035143267E-10]
11363,[7.084983641436615E-13, 5.67821018069431E-13, 4.513062287162667E-13, 8.68046574290654E-13, -1.2548344524923594E-13, 7.825579919316927E-13, 2.837500200081333E-13, -5.346858481143635E-13, 2.6166723410443737E-13, 2.294731262240989E-15]
11443,[-1.0077159443813884E-14, 6.425625006037383E-13, 3.120124601393992E-13, 4.704877438165E-13, -1.9567873254904E-13, 6.034979373875649E-13, 1.943782455956708E-13, -2.875375989825485E-13, 5.1124028784248904E-14, -5.836607781285752E-13]
11539,[0.23466570675373077, 0.18885506689548492, 0.2384120523929596, -0.15295812487602234, 0.0479249432682991, -0.005178083665668964, -0.40415748953819275, 0.1447901576757431, -0.21773432195186615, -0.027074184268712997]
11575,[0.09621171653270721, 0.17284587025642395, -0.273516446352005, -0.009489119052886963, 0.33809059858322144, -0.08265957981348038, -0.1327432543039322, -0.07577056437730789, 0.27290257811546326, -0.14865535497665405]
11639,[0.11873331665992737, 0.09555269032716751, 0.1206669732928276, -0.07741323858499527, 0.024230442941188812, -0.002628773683682084, -0.20453926920890808, 0.07328575104475021, -0.11021169275045395, -0.013685975223779678]
11655,[-3.85900818855589E-7, 3.1648303888687224E-7, 7.621349595865468E-8, -4.406780274024413E-9, -1.1789526865868538E-7, 1.5826603316781984E-7, 4.0905305809246784E-8, 1.226793244768487E-8, -7.904790777502058E-8, -5.666609013132984E-7]
11663,[-5.316964006851777E-7, -2.3710745722382853E-7, -2.1731575827743654E-7, -4.745326123156701E-7, 5.523518709082964E-8, -3.9299897025557584E-7, -1.5263348984717595E-7, 3.3534340104779403E-7, -1.6194120178170124E-7, -1.71989526620564E-7]
11711,[2.408426513778039E-10, 4.5053970970654333E-11, 6.887414250034141E-11, 1.678338024113657E-10, -3.975876485678986E-12, 1.219801065710513E-10, 5.232264968513256E-11, -1.2002650262576964E-10, 6.867820895317678E-11, 1.3250572861167598E-10]
11763,[0.11872710287570953, 0.09554904699325562, 0.12062482535839081, -0.07738826423883438, 0.02424531616270542, -0.002619389910250902, -0.20448043942451477, 0.0732562318444252, -0.11016307771205902, -0.013697110116481781]
11771,[4.653351814119799E-13, 6.337196392647293E-13, 4.089734464713529E-13, 7.761274262163553E-13, -1.79193533384088E-13, 7.584681580713459E-13, 2.337252841353582E-13, -5.056223994180653E-13, 1.9516295047053434E-13, -1.9507271774472923E-13]
11851,[-3.5607297275627725E-13, -2.1494446305302117E-13, -2.029853607248E-13, -5.163242880121266E-13, 5.1711293667239255E-14, -3.6513663186771295E-13, -3.0401957264603735E-14, 2.9850335528033844E-13, -1.562085421950854E-13, -1.6074203871164344E-13]
11891,[-2.3685355898805938E-9, 2.3600839060833323E-9, 5.404221514737628E-10, 1.1752140927079324E-10, -9.93485405054173E-10, 1.2168493990216689E-9, 3.012703142513118E-10, -3.0983657306471457E-10, -5.069319408690376E-10, -3.778087176442568E-9]
11899,[0.11872710287570953, 0.09554904699325562, 0.12062482535839081, -0.07738826423883438, 0.02424531616270542, -0.002619389910250902, -0.20448043942451477, 0.0732562318444252, -0.11016307771205902, -0.013697110116481781]
11943,[0.11898448318243027, 0.09575088322162628, 0.12108530849218369, -0.07767859101295471, 0.024213388562202454, -0.0026827037800103426, -0.20520681142807007, 0.07356243580579758, -0.11064274609088898, -0.01366119273006916]
11959,[7.783817535834958E-13, 6.325018633845936E-13, 4.362467960657146E-13, 8.638085906287341E-13, -1.8906375759668997E-13, 8.292247097307914E-13, 3.077051417485488E-13, -6.468093747234727E-13, 2.504008014391629E-13, -5.688341236844557E-15]
11971,[1.166623464499139E-10, 7.451401995428597E-11, 5.5937435239350464E-11, 1.2566042650874465E-10, -2.955700614815093E-11, 9.952778184940669E-11, 2.5416191720695203E-11, -1.0441685710516069E-10, 4.068619746666613E-11, 3.254444283506963E-11]
12003,[-6.420555291697383E-5, 1.1613461538217962E-5, -9.45726060308516E-6, -3.202856896677986E-5, -9.468318239669316E-6, -1.3563454558607191E-5, -7.919130439404398E-6, 1.683274967945181E-5, -1.7447458958486095E-5, -5.586610859609209E-5]
12035,[1.8055306598777077E-12, -1.9119933772088898E-13, 2.436739503751395E-13, 8.587822293570913E-13, 1.1182593344155264E-13, 4.013890185939478E-13, 2.1544815627730363E-13, -6.897935998437243E-13, 4.635798580947259E-13, 1.4760815182993103E-12]
12071,[0.3479129672050476, 0.27999618649482727, 0.35346052050590515, -0.22677293419837952, 0.07105857133865356, -0.007678193040192127, -0.5991985201835632, 0.21466179192066193, -0.3228040039539337, -0.04014236479997635]
12075,[7.444531644786034E-13, 2.5804589042811854E-13, 3.085072887258622E-13, 6.341532117135062E-13, -2.857407032882432E-14, 4.943404626617243E-13, 2.0723811664132008E-13, -4.009251155893956E-13, 2.4794088223506483E-13, 3.0146946137371566E-13]
12135,[0.11872710287570953, 0.09554904699325562, 0.12062482535839081, -0.07738826423883438, 0.02424531616270542, -0.002619389910250902, -0.20448043942451477, 0.0732562318444252, -0.11016307771205902, -0.013697110116481781]
12183,[0.23516349494457245, 0.18924669921398163, 0.2392321527004242, -0.15347450971603394, 0.04789132997393608, -0.0052777985110878944, -0.4054561257362366, 0.1453285664319992, -0.21857565641403198, -0.027028417214751244]
12267,[-1.4234489238360015E-12, -3.651141888827425E-13, -4.981513790879022E-13, -1.1752003450243853E-12, 3.831079198454365E-14, -8.440311166993397E-13, -2.9678307879831E-13, 7.639365485687111E-13, -4.535396038764239E-13, -7.42895708057828E-13]
12323,[1.6357912203598945E-12, -2.292768297267045E-13, 2.804531509369851E-13, 9.745437963559755E-13, 1.6754929691928377E-13, 3.9175214179391904E-13, 9.544678957786046E-14, -5.919635983654692E-13, 4.979232087407026E-13, 1.500239602686415E-12]
12367,[2.5034515476266006E-13, -6.984592178444545E-15, 1.0251113244938784E-13, 3.1206618235704586E-13, 1.3301077802379841E-14, 1.0283982866676755E-13, -6.408172197091069E-14, -1.5932830684135812E-13, 1.3899996334065107E-13, 3.1065059379054016E-13]
12439,[0.23466570675373077, 0.18885506689548492, 0.2384120523929596, -0.15295812487602234, 0.0479249432682991, -0.005178083665668964, -0.40415748953819275, 0.1447901576757431, -0.21773432195186615, -0.027074184268712997]
12495,[-4.676710407824913E-13, 4.14568092311704E-13, 5.793552893288909E-14, -1.9314819112593168E-13, -1.4521039535739244E-13, 1.8134700284413302E-13, 1.8910575687834663E-13, 8.371170374726553E-14, -1.6465439580358454E-13, -8.612452114323266E-13]
12527,[0.11872710287570953, 0.09554904699325562, 0.12062482535839081, -0.07738826423883438, 0.02424531616270542, -0.002619389910250902, -0.20448043942451477, 0.0732562318444252, -0.11016307771205902, -0.013697110116481781]
12531,[1.6489564131916268E-6, 9.080443419406947E-8, 3.526160696765146E-7, 9.230320188180485E-7, 5.14075573221362E-8, 6.246355042094365E-7, 3.512358262014459E-7, -6.763650617358508E-7, 4.1777656178965117E-7, 1.0225454616374918E-6]
12551,[2.640049290292268E-10, -6.032983834725059E-11, 3.0041014814630174E-11, 1.1207500899557132E-10, 3.57810725493124E-11, 3.40333074222432E-11, 2.6143994955041272E-11, -7.312234151513053E-11, 7.140132235461394E-11, 2.4481827676225976E-10]
12619,[6.382036588092888E-8, -1.377543218383792E-10, 1.495680201912819E-8, 4.505427497747405E-8, 2.6566930877436334E-9, 2.260837206335964E-8, 4.8047281708818446E-9, -2.9389486400077658E-8, 2.047913660874201E-8, 5.21390646213149E-8]
12659,[-2.75617684231122E-9, -1.866928389659961E-9, -1.7177503863763377E-9, -3.5987233193424117E-9, 3.558748018495095E-10, -2.822082567632833E-9, -7.475699503878275E-10, 2.032781498684244E-9, -1.1560216117700861E-9, -6.410140751533788E-10]
12707,[0.04866984114050865, 0.08743754774332047, -0.1383669674396515, -0.0047994027845561504, 0.17103178799152374, -0.04181550815701485, -0.06714926660060883, -0.03833144158124924, 0.13805632293224335, -0.07520110160112381]
12763,[-5.677936961746843E-13, 2.4097775641260255E-14, -1.4340770595772795E-13, -3.863174428790639E-13, -5.381649580181794E-14, -1.9247635169722388E-13, -6.188039176121402E-14, 2.1206921310169824E-13, -1.880349852602728E-13, -4.613270486106269E-13]
12767,[-1.2091536539388104E-12, -1.0721813350079556E-14, -2.634750328068397E-13, -8.069344346363361E-13, -2.960083011495883E-14, -4.270576405528137E-13, -1.0684823251866371E-13, 5.75289598944706E-13, -3.6867622670022637E-13, -9.562901685800096E-13]
13019,[0.11872710287570953, 0.09554904699325562, 0.12062482535839081, -0.07738826423883438, 0.02424531616270542, -0.002619389910250902, -0.20448043942451477, 0.0732562318444252, -0.11016307771205902, -0.013697110116481781]
13031,[0.23466570675373077, 0.18885506689548492, 0.2384120523929596, -0.15295812487602234, 0.0479249432682991, -0.005178083665668964, -0.40415748953819275, 0.1447901576757431, -0.21773432195186615, -0.027074184268712997]
13115,[0.11872710287570953, 0.09554904699325562, 0.12062482535839081, -0.07738826423883438, 0.02424531616270542, -0.002619389910250902, -0.20448043942451477, 0.0732562318444252, -0.11016307771205902, -0.013697110116481781]
13187,[-9.196039519069818E-14, 2.491786074351743E-13, 5.087251759715479E-14, -3.3325142504477684E-14, -9.703140526305665E-14, 1.583360721181537E-13, 1.3732152350995341E-13, -5.0185943183296555E-14, -6.123754796435663E-14, -3.813964660585867E-13]
13227,[-3.836257747025229E-5, 1.475041813137068E-6, -8.055237231019419E-6, -2.3727843654341996E-5, -2.8940457923454233E-6, -1.257144413102651E-5, -4.886557235295186E-6, 1.4702463886351325E-5, -1.1165513569721952E-5, -2.9785016522509977E-5]
13243,[-6.904839011667718E-8, 2.2899111939977956E-8, -5.51359580214239E-9, -3.2107209335663356E-8, -1.0967654340277022E-8, -3.976551532502981E-9, 4.960781230245459E-10, 1.9397782935470786E-8, -2.007546484605882E-8, -7.560833381603516E-8]
13311,[0.03929460793733597, 0.014088012278079987, 0.0149981789290905, 0.03285401687026024, -0.0028055603615939617, 0.025838734582066536, 0.01027625147253275, -0.023002484813332558, 0.012209301814436913, 0.01597074419260025]
13507,[6.798201866893561E-13, 1.7994179551342887E-13, 2.561306472904229E-13, 6.111784797875608E-13, -1.8850064331709174E-14, 4.180107594699972E-13, 1.1655197748768054E-13, -3.8219023757411763E-13, 2.376083271110607E-13, 3.846453320785481E-13]
13539,[-1.1185740701746827E-11, 4.76615691358262E-11, 2.8115277467266608E-11, 5.4651123904125853E-11, -1.9281444496588307E-11, 3.931377445809403E-11, -6.161515308383825E-12, -3.2938950178529325E-11, 1.1497105351088166E-11, -2.9756072605913175E-11]
13547,[-0.008136161603033543, -1.7957930685952306E-4, -0.0017307550879195333, -0.005134106148034334, -2.0869060244876891E-4, -0.0029296875, -0.0010150399757549167, 0.003715584287419915, -0.002342650666832924, -0.006047393195331097]
13691,[6.503173108525495E-13, 5.332668443110145E-13, 4.2176898367059235E-13, 7.912023358529197E-13, -1.2780516933392355E-13, 7.135636482732965E-13, 2.5963432792597274E-13, -5.097857899705183E-13, 2.4912740598757865E-13, 3.156350328605245E-15]
13719,[0.23466570675373077, 0.18885506689548492, 0.2384120523929596, -0.15295812487602234, 0.0479249432682991, -0.005178083665668964, -0.40415748953819275, 0.1447901576757431, -0.21773432195186615, -0.027074184268712997]
13739,[-8.696947784332665E-13, -1.1321559602360878E-13, -2.75934846803369E-13, -6.997101465941458E-13, -4.669880679527248E-14, -4.586479850424152E-13, -1.5155072834692473E-13, 3.7202839008217137E-13, -2.8140594780616535E-13, -5.577701928799472E-13]
13747,[1.5574709490845384E-12, -4.618596087177518E-13, 1.5495456751491582E-13, 7.324564674400513E-13, 2.6247263368826823E-13, 1.622297944852552E-13, 6.290131718440783E-14, -3.941647084681338E-13, 4.38728019842502E-13, 1.591316271462584E-12]
13787,[-8.653407309287819E-13, 6.125382861522921E-13, 1.3877717334673245E-13, -1.0691264090397293E-13, -1.9732335882448326E-13, 2.8398117191130723E-13, 1.2140641139982145E-13, 1.4573849668308297E-13, -1.9521565624864429E-13, -1.2452034845941706E-12]
13851,[-1.9392861577216536E-4, 1.979424814635422E-5, -3.7857244024053216E-5, -1.3718676927965134E-4, -1.0510051652090624E-5, -4.804452328244224E-5, 3.8339126149367075E-6, 9.133388084592298E-5, -6.568877870449796E-5, -1.9087770488113165E-4]
13867,[1.260033130645752, 1.0141115188598633, 1.2799080610275269, -0.8212625980377197, 0.2575313150882721, -0.027847396209836006, -2.170071840286255, 0.7773543000221252, -1.1688820123672485, -0.14546272158622742]
13903,[2.306984825395375E-8, 9.639511411307922E-9, 9.50111012087973E-9, 2.1984362774674082E-8, 9.017072505335122E-11, 1.928362536318673E-8, 8.196962220097248E-9, -1.0518228954481401E-8, 6.074392100430259E-9, 5.6894924327366425E-9]
13995,[-4.579121196002234E-6, 5.764497927884804E-6, -1.1116128462163033E-7, -4.67436120743514E-6, -2.6528755370236468E-6, 2.332227040824364E-6, 3.837759322777856E-6, 9.985411963953084E-8, -2.877591441574623E-6, -1.186380995932268E-5]
14015,[0.11872710287570953, 0.09554904699325562, 0.12062482535839081, -0.07738826423883438, 0.02424531616270542, -0.002619389910250902, -0.20448043942451477, 0.0732562318444252, -0.11016307771205902, -0.013697110116481781]
14051,[-3.859012736029399E-7, 3.164831809954194E-7, 7.621344622066317E-8, -4.406999210004869E-9, -1.1789532550210424E-7, 1.5826594790269155E-7, 4.0905209885977456E-8, 1.226805146359311E-8, -7.904802856728566E-8, -5.666613560606493E-7]
14059,[7.43001970035127E-15, -3.390010982432662E-13, -1.0022532933792738E-13, -8.354947999720738E-14, 1.4827328004719115E-13, -2.5518592772742765E-13, -1.4483131762031004E-13, 1.7705484973117025E-13, 2.7151568279403133E-14, 3.715166195517039E-13]
14155,[-8.505659284535616E-13, -4.14573648847838E-13, -4.007945234377197E-13, -9.012163845051324E-13, 1.1369046979889386E-13, -6.660004036977696E-13, -1.7110224099104593E-13, 6.189290616478993E-13, -3.153208488586301E-13, -3.4137525705552063E-13]
14203,[0.23466570675373077, 0.18885506689548492, 0.2384120523929596, -0.15295812487602234, 0.0479249432682991, -0.005178083665668964, -0.40415748953819275, 0.1447901576757431, -0.21773432195186615, -0.027074184268712997]
14255,[0.11872710287570953, 0.09554904699325562, 0.12062482535839081, -0.07738826423883438, 0.02424531616270542, -0.002619389910250902, -0.20448043942451477, 0.0732562318444252, -0.11016307771205902, -0.013697110116481781]
14271,[0.23466570675373077, 0.18885506689548492, 0.2384120523929596, -0.15295812487602234, 0.0479249432682991, -0.005178083665668964, -0.40415748953819275, 0.1447901576757431, -0.21773432195186615, -0.027074184268712997]
14291,[4.821533172716386E-10, 1.5293535882143772E-10, 1.7059202661595663E-10, 3.254028158039546E-10, -1.194077996202747E-11, 2.966525636249884E-10, 1.756556150533939E-10, -2.236052593085347E-10, 1.2980960750752502E-10, 1.5421448840147178E-10]
14323,[-4.6346021465026865E-10, -8.46694450662433E-11, -1.6745441144827566E-10, -4.768390682308166E-10, -7.337990458322619E-12, -2.829150802519109E-10, -2.7408478264767666E-11, 2.546517441359697E-10, -1.7285942122136078E-10, -3.382197577561641E-10]
14371,[0.11872710287570953, 0.09554904699325562, 0.12062482535839081, -0.07738826423883438, 0.02424531616270542, -0.002619389910250902, -0.20448043942451477, 0.0732562318444252, -0.11016307771205902, -0.013697110116481781]
14499,[4.0838065893354647E-13, 6.337984065525604E-13, 4.2244921211360975E-13, 6.974331051914917E-13, -1.3184737318854695E-13, 7.57657716947413E-13, 3.1282539492832884E-13, -3.7822872546618147E-13, 1.6848474655370427E-13, -3.2789732300891883E-13]
14595,[0.23466570675373077, 0.18885506689548492, 0.2384120523929596, -0.15295812487602234, 0.0479249432682991, -0.005178083665668964, -0.40415748953819275, 0.1447901576757431, -0.21773432195186615, -0.027074184268712997]
14635,[0.11873331665992737, 0.09555269032716751, 0.1206669732928276, -0.07741323858499527, 0.024230442941188812, -0.002628773683682084, -0.20453926920890808, 0.07328574359416962, -0.11021169275045395, -0.013685975223779678]
14639,[0.04866984114050865, 0.08743754774332047, -0.1383669674396515, -0.0047994027845561504, 0.17103178799152374, -0.04181550815701485, -0.06714926660060883, -0.03833144158124924, 0.13805632293224335, -0.07520110160112381]
14643,[-7.194602136273431E-10, -3.2115102244212324E-10, -3.0830565878048333E-10, -6.298057630971243E-10, 6.43043465697879E-11, -5.312057460571395E-10, -2.2684333578215643E-10, 4.32482522016997E-10, -2.2512067210378461E-10, -2.1382873249820022E-10]
14663,[-4.103871918941654E-13, 2.9771980237028317E-13, 2.6534514941723743E-14, -1.6421692022698664E-13, -1.493016593603208E-13, 6.721743794164611E-14, 6.559663700894322E-14, 7.970015062687148E-15, -1.147785750992003E-13, -6.082129157952698E-13]
14731,[5.187080691186619E-13, -3.718218495683129E-13, -6.962526123135623E-14, -1.31141427131185E-14, 1.4370578023999853E-13, -1.9288249383103695E-13, -2.677428371107007E-15, -1.9623276663544367E-14, 1.113162838815851E-13, 6.839392333729544E-13]
14783,[6.136346986096441E-11, 9.913881521272927E-11, 5.914042866539404E-11, 9.604388812034514E-11, -2.540703411546552E-11, 1.13256827527497E-10, 5.0273930851663096E-11, -6.238069782948941E-11, 2.029758479349386E-11, -5.789767623665121E-11]
14843,[0.11872710287570953, 0.09554904699325562, 0.12062482535839081, -0.07738826423883438, 0.02424531616270542, -0.002619389910250902, -0.20448043942451477, 0.0732562318444252, -0.11016307771205902, -0.013697110116481781]
14855,[0.11872710287570953, 0.09554904699325562, 0.12062482535839081, -0.07738826423883438, 0.02424531616270542, -0.002619389910250902, -0.20448043942451477, 0.0732562318444252, -0.11016307771205902, -0.013697110116481781]
14863,[0.04866984114050865, 0.08743754774332047, -0.1383669674396515, -0.0047994027845561504, 0.17103178799152374, -0.04181550815701485, -0.06714926660060883, -0.03833144158124924, 0.13805632293224335, -0.07520110160112381]
14895,[-3.556989772168784E-13, -1.574219406089497E-13, -1.932246002740376E-13, -4.71941821560129E-13, 4.710515560512468E-14, -2.7647870971814204E-13, 7.384099185544417E-16, 2.9674811327824735E-13, -1.7564445178256533E-13, -2.376686087518509E-13]
14931,[0.23466570675373077, 0.18885506689548492, 0.2384120523929596, -0.15295812487602234, 0.0479249432682991, -0.005178083665668964, -0.40415748953819275, 0.1447901576757431, -0.21773432195186615, -0.027074184268712997]
15115,[0.11872710287570953, 0.09554904699325562, 0.12062482535839081, -0.07738826423883438, 0.02424531616270542, -0.002619389910250902, -0.20448043942451477, 0.0732562318444252, -0.11016307771205902, -0.013697110116481781]
15151,[0.23466570675373077, 0.18885506689548492, 0.2384120523929596, -0.15295812487602234, 0.0479249432682991, -0.005178083665668964, -0.40415748953819275, 0.1447901576757431, -0.21773432195186615, -0.027074184268712997]
15191,[5.386146222008392E-5, 1.0051060235127807E-4, 5.59173095098231E-5, 1.29774198285304E-4, -4.384931526146829E-5, 1.0515208123251796E-4, 7.544578693341464E-6, -1.0275909880874678E-4, 2.9239890864118934E-5, -1.967486969078891E-5]
15351,[-1.40525265035496E-12, -4.366304681095029E-13, -5.123512291510535E-13, -1.1404171877671399E-12, 6.413791074849975E-14, -8.86147546400734E-13, -3.574044814443067E-13, 7.697103588180654E-13, -4.3153271212480193E-13, -6.15939157316836E-13]
15363,[0.11872710287570953, 0.09554904699325562, 0.12062482535839081, -0.07738826423883438, 0.02424531616270542, -0.002619389910250902, -0.20448043942451477, 0.0732562318444252, -0.11016307771205902, -0.013697110116481781]
15371,[0.23466570675373077, 0.18885506689548492, 0.2384120523929596, -0.15295812487602234, 0.0479249432682991, -0.005178083665668964, -0.40415748953819275, 0.1447901576757431, -0.21773432195186615, -0.027074184268712997]
15431,[-1.2241720224320796E-12, 2.2461469262238104E-13, -1.2838046055917152E-13, -5.306670901317201E-13, -1.0315848246152462E-13, -1.798842514831242E-13, -1.030944467707122E-13, 4.34539096328887E-13, -3.1991922132268424E-13, -1.1077348890595196E-12]
15439,[1.6941032994835514E-12, 1.9960995475878235E-13, 4.682465352956466E-13, 1.1600965413999242E-12, 4.244195123928769E-14, 7.806409598604125E-13, 3.3528217637142366E-13, -7.514190550166056E-13, 4.993483382863262E-13, 1.043822905714975E-12]
15467,[0.11872710287570953, 0.09554904699325562, 0.12062482535839081, -0.07738826423883438, 0.02424531616270542, -0.002619389910250902, -0.20448043942451477, 0.0732562318444252, -0.11016307771205902, -0.013697110116481781]
15659,[1.2924247982937231E-7, -3.381514446232359E-8, 2.12059454440805E-8, 6.118350626138636E-8, 3.10654115764919E-8, 2.2732596249852577E-8, 2.1145352135931716E-8, -1.470573085526894E-8, 3.617536492583895E-8, 1.1395351862120151E-7]
15687,[0.04866984114050865, 0.08743754774332047, -0.1383669674396515, -0.0047994027845561504, 0.17103178799152374, -0.04181550815701485, -0.06714926660060883, -0.03833144158124924, 0.13805632293224335, -0.07520110160112381]
15707,[0.11872710287570953, 0.09554904699325562, 0.12062482535839081, -0.07738826423883438, 0.02424531616270542, -0.002619389910250902, -0.20448043942451477, 0.0732562318444252, -0.11016307771205902, -0.013697110116481781]
15783,[0.23467640578746796, 0.18886113166809082, 0.23849499225616455, -0.15300770103931427, 0.047895025461912155, -0.005197324324399233, -0.40427377820014954, 0.14484871923923492, -0.2178305685520172, -0.0270516537129879]
15791,[-9.420671708004758E-13, 7.951359839650229E-13, 2.0083235205067829E-13, 3.969600849065965E-15, -2.715731285685141E-13, 4.2855413770644113E-13, 1.3828512174327706E-13, 6.27489935554372E-14, -2.0498351822363647E-13, -1.4453064396333093E-12]
15815,[1.854431999669462E-13, 1.5015885670294216E-13, 1.0280999277823347E-13, 1.3578634744382256E-13, -2.4159916519369672E-15, 2.2121165305349216E-13, 1.638904534003241E-13, -5.461419755022415E-14, 2.7846704502292215E-14, -1.0181813752578942E-13]
15843,[8.611345686006244E-13, -4.559539594842232E-13, 4.7326248145017E-14, 4.2843609519491177E-13, 2.3169302847819706E-13, -4.641128993165648E-14, -9.77661284177686E-14, -1.401544624714951E-13, 2.8746026826259596E-13, 1.1512109624953193E-12]
16003,[-4.612954185301277E-10, -2.0444416992670966E-10, -1.828745349596872E-10, -3.949860993834875E-10, 4.8865547025434E-11, -3.3657182596513735E-10, -1.3991671710122944E-10, 2.8745947289188223E-10, -1.3435967616270972E-10, -1.398477444958246E-10]
16131,[1.7078494174427306E-10, -1.7537028773606522E-10, -3.6266243480520544E-11, 2.8110064623221298E-11, 6.241540617679675E-11, -9.463884537153078E-11, -6.077993663922143E-11, -8.335567479311745E-12, 5.267955516252698E-11, 3.2212871259318376E-10]
16143,[1.1724474472882274E-12, 3.131528781945281E-13, 4.2900950261888504E-13, 9.770938398656615E-13, -3.129824348367498E-14, 7.014583141770614E-13, 2.5207803509494364E-13, -6.293475940041815E-13, 3.85733301853583E-13, 6.038472131174311E-13]
16227,[-6.797683618255113E-13, -2.4134847224042966E-13, -2.9187738922846485E-13, -6.469902738559519E-13, -7.295521032722654E-15, -5.198049564565654E-13, -1.942988684441177E-13, 3.2486163824112235E-13, -2.215435544435443E-13, -2.6194831351765424E-13]
16235,[0.11872710287570953, 0.09554904699325562, 0.12062482535839081, -0.07738826423883438, 0.02424531616270542, -0.002619389910250902, -0.20448043942451477, 0.0732562318444252, -0.11016307771205902, -0.013697110116481781]
16371,[1.9739929690842928E-9, -1.1678836564499306E-8, -4.272155962325996E-9, -6.1975944376513326E-9, 6.088807236181992E-9, -7.866632678599217E-9, -1.1141803035741304E-9, 8.500439463432485E-9, -6.994133050497453E-10, 9.641486720113335E-9]
16535,[-6.649832357652485E-4, 0.0035297165159136057, 0.012097219005227089, -0.0052511184476315975, -0.0024966688361018896, -0.015405230224132538, 0.004887329880148172, -0.0014054820640012622, 0.009322954341769218, -0.001916536595672369]
16599,[0.11873733252286911, 0.09555496275424957, 0.12070877104997635, -0.07743893563747406, 0.024215178564190865, -0.0026396634057164192, -0.20459961891174316, 0.0733160749077797, -0.11026104539632797, -0.013674072921276093]
16715,[0.23466570675373077, 0.18885506689548492, 0.2384120523929596, -0.15295812487602234, 0.0479249432682991, -0.005178083665668964, -0.40415748953819275, 0.1447901576757431, -0.21773432195186615, -0.027074184268712997]
16743,[-7.643421486014379E-13, 1.7297938797490586E-13, -8.579792556756213E-14, -4.382476640699823E-13, -4.76337244930021E-14, -8.595001880357112E-14, 5.423968362666155E-14, 3.485841986155397E-13, -2.4661642086115654E-13, -8.44639083067561E-13]
16891,[0.11872710287570953, 0.09554904699325562, 0.12062482535839081, -0.07738826423883438, 0.02424531616270542, -0.002619389910250902, -0.20448043942451477, 0.0732562318444252, -0.11016307771205902, -0.013697110116481781]
16939,[0.11872710287570953, 0.09554904699325562, 0.12062482535839081, -0.07738826423883438, 0.02424531616270542, -0.002619389910250902, -0.20448043942451477, 0.0732562318444252, -0.11016307771205902, -0.013697110116481781]
17203,[0.11872710287570953, 0.09554904699325562, 0.12062482535839081, -0.07738826423883438, 0.02424531616270542, -0.002619389910250902, -0.20448043942451477, 0.0732562318444252, -0.11016307771205902, -0.013697110116481781]
17387,[7.832057485196442E-13, 7.57011478242503E-13, 5.2622972169028E-13, 9.835048357317855E-13, -1.7675813070161528E-13, 9.92664609365812E-13, 3.917344421934532E-13, -6.236631762239486E-13, 2.629803384605889E-13, -1.5938436009367563E-13]
17399,[1.1251901103556672E-12, -1.828896056951454E-13, 1.4374866043592033E-13, 5.539979282612184E-13, 1.1617966246164901E-13, 2.319559746100791E-13, 1.0765233783615116E-13, -3.744505790506669E-13, 2.97768157787176E-13, 9.87729754757527E-13]
17439,[2.0885231478279254E-12, 5.916083595236543E-13, 7.389022119858035E-13, 1.7144825056186752E-12, -6.387730242755213E-14, 1.2970104591031317E-12, 4.929732295121114E-13, -1.1112789291209402E-12, 6.415767439885145E-13, 9.89862814111675E-13]
17495,[-1.3196439383952874E-12, -3.9477247832471127E-14, -2.77476202821883E-13, -7.545300647303355E-13, -6.036769933763508E-14, -4.885353189695851E-13, -2.546717448471264E-13, 5.239459582341566E-13, -3.461215146959018E-13, -8.737050254288559E-13]
17683,[-3.3885074650699676E-13, 8.16278251589142E-13, 3.2120614219637023E-13, 3.313075454172004E-13, -2.625101199783819E-13, 6.33600648076299E-13, 2.4299944109858196E-13, -2.0492514748917529E-13, -4.219405518881246E-14, -1.0279473669841388E-12]
17711,[0.23466570675373077, 0.18885506689548492, 0.2384120523929596, -0.15295812487602234, 0.0479249432682991, -0.005178083665668964, -0.40415748953819275, 0.1447901576757431, -0.21773432195186615, -0.027074184268712997]
17847,[0.11872710287570953, 0.09554904699325562, 0.12062482535839081, -0.07738826423883438, 0.02424531616270542, -0.002619389910250902, -0.20448043942451477, 0.0732562318444252, -0.11016307771205902, -0.013697110116481781]
17963,[0.11872710287570953, 0.09554904699325562, 0.12062482535839081, -0.07738826423883438, 0.02424531616270542, -0.002619389910250902, -0.20448043942451477, 0.0732562318444252, -0.11016307771205902, -0.013697110116481781]
18055,[0.23466570675373077, 0.18885506689548492, 0.2384120523929596, -0.15295812487602234, 0.0479249432682991, -0.005178083665668964, -0.40415748953819275, 0.1447901576757431, -0.21773432195186615, -0.027074184268712997]
18151,[0.11872710287570953, 0.09554904699325562, 0.12062482535839081, -0.07738826423883438, 0.02424531616270542, -0.002619389910250902, -0.20448043942451477, 0.0732562318444252, -0.11016307771205902, -0.013697110116481781]
18215,[8.837376902319505E-13, 3.622997084631874E-13, 3.778364611201762E-13, 8.761562981206283E-13, -6.204775191906431E-14, 6.729634753101232E-13, 2.0287586985790612E-13, -5.446739522081689E-13, 2.972100105087805E-13, 3.598497368140219E-13]
18331,[0.11872710287570953, 0.09554904699325562, 0.12062482535839081, -0.07738826423883438, 0.02424531616270542, -0.002619389910250902, -0.20448043942451477, 0.0732562318444252, -0.11016307771205902, -0.013697110116481781]
18387,[3.8683140024531326E-10, 3.13001811969027E-11, 9.48498710129364E-11, 2.611625637971571E-10, 5.1952574187108524E-12, 1.6022060067566457E-10, 5.922968365768E-11, -1.8247980904106953E-10, 1.1168170555020396E-10, 2.608731286546373E-10]
18447,[1.6372221232820866E-13, 4.462546868491679E-13, 2.8059201013022617E-13, 5.307049829976485E-13, -1.1929481924868868E-13, 5.094878512135192E-13, 1.124288379408811E-13, -2.8926237490359274E-13, 1.1383174134196872E-13, -2.2934288474406317E-13]
18531,[0.11873331665992737, 0.09555269032716751, 0.1206669732928276, -0.07741323858499527, 0.024230442941188812, -0.002628773683682084, -0.20453926920890808, 0.07328575104475021, -0.11021169275045395, -0.013685975223779678]
18759,[-3.267873353252071E-6, -1.0661673286449513E-6, -1.2956757018400822E-6, -2.9039563287369674E-6, 6.489740655979404E-8, -2.2153117242851295E-6, -8.525381645085872E-7, 1.6941418152782717E-6, -1.0351110404371866E-6, -1.3781739198748255E-6]
18767,[0.11872710287570953, 0.09554904699325562, 0.12062482535839081, -0.07738826423883438, 0.02424531616270542, -0.002619389910250902, -0.20448043942451477, 0.0732562318444252, -0.11016307771205902, -0.013697110116481781]
18819,[-5.943938119479242E-10, -3.21919213508437E-10, -2.3125013015601326E-10, -4.686575016954464E-10, 1.071210689596036E-10, -4.564661981731888E-10, -2.1224982882372956E-10, 4.1808759232431214E-10, -1.5669344988200606E-10, -1.1096369656460325E-10]
18931,[0.23466570675373077, 0.18885506689548492, 0.2384120523929596, -0.15295812487602234, 0.0479249432682991, -0.005178083665668964, -0.40415748953819275, 0.1447901576757431, -0.21773432195186615, -0.027074184268712997]
18951,[-1.719216197670903E-5, -2.461415249399579E-7, -4.43215276391129E-6, -1.3463665709423367E-5, -6.211639629327692E-7, -6.565149760717759E-6, -7.142928097891854E-7, 8.441507816314697E-6, -5.913036602578359E-6, -1.4576539797417354E-5]
19171,[0.23467731475830078, 0.18886172771453857, 0.23849456012248993, -0.15300703048706055, 0.04789547622203827, -0.005196622107177973, -0.40427255630493164, 0.14484803378582, -0.21782967448234558, -0.027052132412791252]
19175,[-4.860683944230004E-8, -1.400211004920493E-7, -7.630347909071133E-8, -1.3680937627214007E-7, 5.2562800334499116E-8, -1.3582464930550486E-7, -3.4146406591162304E-8, 1.0647966064425418E-7, -2.9310646354474557E-8, 7.39373220426387E-8]
19219,[0.11872710287570953, 0.09554904699325562, 0.12062482535839081, -0.07738826423883438, 0.02424531616270542, -0.002619389910250902, -0.20448043942451477, 0.0732562318444252, -0.11016307771205902, -0.013697110116481781]
19307,[0.11872710287570953, 0.09554904699325562, 0.12062482535839081, -0.07738826423883438, 0.02424531616270542, -0.002619389910250902, -0.20448043942451477, 0.0732562318444252, -0.11016307771205902, -0.013697110116481781]
19495,[0.11872710287570953, 0.09554904699325562, 0.12062482535839081, -0.07738826423883438, 0.02424531616270542, -0.002619389910250902, -0.20448043942451477, 0.0732562318444252, -0.11016307771205902, -0.013697110116481781]
19511,[-1.1093682222851342E-10, -9.501727182836817E-11, -7.8014920912306E-11, -1.8279008862087665E-10, 3.023209113606207E-11, -1.3152232081203863E-10, -1.1105511475706376E-11, 1.1611584610493608E-10, -5.499814839660111E-11, -3.380205143566073E-11]
19563,[-2.7372751960040576E-13, -5.597064153296805E-13, -3.838400138098802E-13, -6.948488008931553E-13, 1.4486525314830884E-13, -6.437366915565401E-13, -1.582893701095739E-13, 3.8711416884551486E-13, -1.7887059021448604E-13, 2.32984719841442E-13]
19571,[5.094653943160665E-8, -9.878452544853644E-8, -4.4085215478162354E-8, -6.628654602991446E-8, 3.6016654547665894E-8, -7.595045303787629E-8, -5.513641543331005E-9, 3.797878989075798E-8, -3.58479290696323E-9, 1.0722590815248623E-7]
19691,[-8.476550082507639E-13, -9.466132305097075E-13, -6.55432739332662E-13, -1.212859565384583E-12, 2.4501814422858703E-13, -1.1820101104495495E-12, -4.14320433430454E-13, 7.801728013623332E-13, -3.30906146667892E-13, 2.279521515123617E-13]
19707,[0.11872710287570953, 0.09554904699325562, 0.12062482535839081, -0.07738826423883438, 0.02424531616270542, -0.002619389910250902, -0.20448043942451477, 0.0732562318444252, -0.11016307771205902, -0.013697110116481781]
19807,[-1.3327862847644506E-13, 4.0514767647541194E-13, 1.1940603128653138E-13, 2.172924112777558E-15, -1.4141622985477942E-13, 2.820465757648327E-13, 2.1534724416009954E-13, -8.02795872313633E-14, -6.575030233810231E-14, -5.886394345046286E-13]
19827,[-3.1092186117409604E-13, 5.527909944028075E-13, 1.738305137853613E-13, 9.610388385702245E-14, -2.1115107004445605E-13, 3.589509332130314E-13, 1.6246029586712563E-13, -1.3328232831635867E-13, -6.675903726311924E-14, -7.675035195060798E-13]
19899,[-1.692214727719299E-12, -8.665962912546288E-13, -7.651209310219342E-13, -1.6153749345104718E-12, 1.823432897729571E-13, -1.3956091057115705E-12, -5.392495261088981E-13, 1.0782857896504683E-12, -5.296206724049457E-13, -4.229749959571566E-13]
19903,[0.3479129672050476, 0.27999618649482727, 0.35346052050590515, -0.22677293419837952, 0.07105857133865356, -0.007678193040192127, -0.5991985201835632, 0.21466179192066193, -0.3228040039539337, -0.04014236479997635]
19995,[4.386630219222615E-13, -3.704230661354807E-13, -9.380998311058625E-14, -1.6365706533016944E-14, 1.162635797097994E-13, -2.2216224086074599E-13, -6.88757861508349E-14, -4.2863356906810285E-14, 1.0083112052554008E-13, 6.845082768831834E-13]
20007,[-1.7266205826205194E-12, -6.676247960501688E-14, -3.9950941860267264E-13, -1.117474385595174E-12, -5.2197419428195654E-14, -6.55731545451399E-13, -2.410917602710394E-13, 7.742820599086764E-13, -5.075910395127559E-13, -1.2432639553278113E-12]
20011,[1.2283372052479535E-4, -8.959032129496336E-6, 2.188693906646222E-5, 6.465709884651005E-5, 8.474343303532805E-6, 3.146917879348621E-5, 1.6579724615439773E-5, -4.608538074535318E-5, 3.417578409425914E-5, 9.729308658279479E-5]
20031,[0.14266447722911835, 0.256294846534729, -0.405559241771698, -0.014072922058403492, 0.5013132691383362, -0.12256567180156708, -0.19683553278446198, -0.11234810203313828, 0.40464937686920166, -0.22042295336723328]
20047,[1.8343386705421683E-12, 1.6354169266648982E-13, 5.239351162124317E-13, 1.3418905743523002E-12, 8.352900890493814E-14, 8.318350890913762E-13, 3.034308644189049E-13, -7.908079573126781E-13, 5.736546220685979E-13, 1.227828060577918E-12]
20115,[0.23466570675373077, 0.18885506689548492, 0.2384120523929596, -0.15295812487602234, 0.0479249432682991, -0.005178083665668964, -0.40415748953819275, 0.1447901576757431, -0.21773432195186615, -0.027074184268712997]
20131,[0.11872710287570953, 0.09554904699325562, 0.12062482535839081, -0.07738826423883438, 0.02424531616270542, -0.002619389910250902, -0.20448043942451477, 0.0732562318444252, -0.11016307771205902, -0.013697110116481781]
20363,[0.11872710287570953, 0.09554904699325562, 0.12062482535839081, -0.07738826423883438, 0.02424531616270542, -0.002619389910250902, -0.20448043942451477, 0.0732562318444252, -0.11016307771205902, -0.013697110116481781]
20391,[0.3479129672050476, 0.27999618649482727, 0.35346052050590515, -0.22677293419837952, 0.07105857133865356, -0.007678193040192127, -0.5991985201835632, 0.21466179192066193, -0.3228040039539337, -0.04014236479997635]
20463,[-1.3353136955537859E-13, -2.65467010353293E-13, -1.1676519939742697E-13, -1.388085338945716E-13, 6.314910481466582E-14, -2.8721751539617646E-13, -1.9519872914222636E-13, 1.0784207321633613E-13, 9.352393584913373E-16, 2.564555284714082E-13]
20515,[0.11872710287570953, 0.09554904699325562, 0.12062482535839081, -0.07738826423883438, 0.02424531616270542, -0.002619389910250902, -0.20448043942451477, 0.0732562318444252, -0.11016307771205902, -0.013697110116481781]
20543,[7.296647314136706E-11, -1.174380315216439E-10, -3.6413577014782206E-11, -7.081242536788324E-11, 3.94341226339634E-11, -1.0241807402167069E-10, -8.619936361919933E-12, 3.1576363052066014E-11, 1.3313568997253E-11, 1.4574459694660646E-10]
20583,[1.5361689784804122E-12, -2.2731926204670044E-13, 2.0798228590745982E-13, 8.101303373801716E-13, 1.0862240740119183E-13, 2.9528164852479777E-13, 8.131163250308868E-14, -6.111230770565468E-13, 4.3740098348843404E-13, 1.413750410142467E-12]
20723,[0.11872710287570953, 0.09554904699325562, 0.12062482535839081, -0.07738826423883438, 0.02424531616270542, -0.002619389910250902, -0.20448043942451477, 0.0732562318444252, -0.11016307771205902, -0.013697110116481781]
20731,[3.4388781427509285E-13, 2.380302342220881E-14, 8.425461120887406E-14, 2.433978853969704E-13, 4.28636923318574E-14, 1.8940586403969062E-13, 8.652735646041965E-14, -9.709917467510057E-14, 8.163086228024988E-14, 1.9140620349539922E-13]
20751,[8.69010375811885E-13, -9.669797514794132E-13, -2.999742381576409E-13, -1.6813513201065916E-13, 3.378144660705351E-13, -5.953560127530677E-13, -1.823416905747527E-13, 7.705691824639455E-14, 1.5818292856129013E-13, 1.5187032404231915E-12]
20779,[-3.859005346384947E-7, 3.1648247045268363E-7, 7.621330411211602E-8, -4.406950360191786E-9, -1.1789506970671937E-7, 1.5826557842046896E-7, 4.090505356657559E-8, 1.2268068338983085E-8, -7.904784382617436E-8, -5.666601055054343E-7]
20843,[1.609558421478141E-5, -9.306853826274164E-6, -1.506639478066063E-6, -8.114549814308702E-7, 4.5541933104686905E-6, -3.4547697396192234E-6, 2.764524879239616E-6, 5.020899038754578E-7, 2.513000708859181E-6, 1.658788460190408E-5]
20867,[0.11872710287570953, 0.09554904699325562, 0.12062482535839081, -0.07738826423883438, 0.02424531616270542, -0.002619389910250902, -0.20448043942451477, 0.0732562318444252, -0.11016307771205902, -0.013697110116481781]
20875,[4.3566811269712957E-10, 2.1204214772918561E-10, 1.7771557836443463E-10, 3.530111758465182E-10, -5.630376373466639E-11, 3.238574686204032E-10, 1.5229774386060768E-10, -2.778838548156415E-10, 1.2373997659853586E-10, 9.922099947212715E-11]
20895,[0.11872710287570953, 0.09554904699325562, 0.12062482535839081, -0.07738826423883438, 0.02424531616270542, -0.002619389910250902, -0.20448043942451477, 0.0732562318444252, -0.11016307771205902, -0.013697110116481781]
20903,[1.2931647939973256E-13, 1.4175376909612847E-13, 5.680014564159869E-14, -1.3636681573444415E-14, -2.2916904986636406E-14, 1.4785786798480333E-13, 1.9162694705771727E-13, -2.8090858361206478E-14, -1.544727717863858E-14, -1.7678558812163347E-13]
20943,[0.11872710287570953, 0.09554904699325562, 0.12062482535839081, -0.07738826423883438, 0.02424531616270542, -0.002619389910250902, -0.20448043942451477, 0.0732562318444252, -0.11016307771205902, -0.013697110116481781]
21075,[0.11872710287570953, 0.09554904699325562, 0.12062482535839081, -0.07738826423883438, 0.02424531616270542, -0.002619389910250902, -0.20448043942451477, 0.0732562318444252, -0.11016307771205902, -0.013697110116481781]
21107,[1.7178564343592329E-12, 5.690039910598299E-13, 6.995763018359524E-13, 1.6077532100783332E-12, -5.866783973776726E-14, 1.1766286729664177E-12, 3.747837543782717E-13, -9.631493736242391E-13, 5.859157018069105E-13, 8.11875794457656E-13]
21143,[1.1455337546595334E-12, 6.185539276962193E-13, 5.376171513180039E-13, 1.1751891777420087E-12, -1.7145563668916758E-13, 9.513631202273665E-13, 2.968478327730617E-13, -8.332369082902913E-13, 3.909664746896274E-13, 3.4201214451669293E-13]
21227,[0.23466570675373077, 0.18885506689548492, 0.2384120523929596, -0.15295812487602234, 0.0479249432682991, -0.005178083665668964, -0.40415748953819275, 0.1447901576757431, -0.21773432195186615, -0.027074184268712997]
21271,[0.11872710287570953, 0.09554904699325562, 0.12062482535839081, -0.07738826423883438, 0.02424531616270542, -0.002619389910250902, -0.20448043942451477, 0.0732562318444252, -0.11016307771205902, -0.013697110116481781]
21295,[0.3479129672050476, 0.27999618649482727, 0.35346052050590515, -0.22677293419837952, 0.07105857133865356, -0.007678193040192127, -0.5991985201835632, 0.21466179192066193, -0.3228040039539337, -0.04014236479997635]
