1336,[0.05020805448293686, 0.09023933112621307, -0.14290516078472137, -0.004920939914882183, 0.17657352983951569, -0.0431659035384655, -0.06923919916152954, -0.039606839418411255, 0.14258329570293427, -0.0776376724243164]
1604,[-4.323930807587778E-13, 3.758904537458363E-13, 1.0506759308068214E-13, 4.322424037618566E-14, -1.389537085654674E-13, 2.0312275624510823E-13, 3.270451807589267E-14, -8.404390498698098E-15, -7.444257477161667E-14, -6.306611591462563E-13]
1992,[1.1606173939071596E-4, 1.9988268832094036E-5, 3.481179737718776E-5, 8.658992010168731E-5, -2.9173230586820864E-7, 5.87184404139407E-5, 2.215601307398174E-5, -5.7281395129393786E-5, 3.512458351906389E-5, 6.848139310022816E-5]
2024,[4.789745531620648E-13, -2.1300802376285344E-13, 5.4003324164927924E-14, 2.558075550430222E-13, 1.4297233102283924E-13, 3.291547332547225E-14, -2.615038465311097E-15, -4.466128598131121E-14, 1.5369368104589665E-13, 5.597621433213462E-13]
2040,[1.4829630572421593E-6, -9.243715794582386E-6, -3.6076962715014815E-6, -2.9772338621114613E-6, 2.98706981993746E-6, -7.427541731885867E-6, -4.23724213760579E-6, 2.8017714157613227E-6, 4.856143505094224E-7, 1.1293732313788496E-5]
2156,[-2.5667584724331505E-10, 6.149125653109877E-11, -3.0603890949221224E-11, -1.3492061634590158E-10, -3.8036990224199485E-11, -4.2305006719978167E-11, -1.1343708958277965E-11, 7.416880304367268E-11, -7.2883796220502E-11, -2.5319576990590065E-10]
2428,[4.934256670786896E-13, -9.804384341611898E-15, 1.3105579718241528E-13, 3.4112605318617484E-13, 7.607814795891968E-14, 2.0813893956885682E-13, 9.827600159443423E-14, -1.2670095007882853E-13, 1.4602583736384595E-13, 3.4406852367219187E-13]
2432,[-2.9281710389739146E-10, -9.965994696159441E-10, -5.223492749450998E-10, -7.875691765413251E-10, 2.9282842817224264E-10, -1.0095082547678658E-9, -4.1758679847347935E-10, 5.391933011189565E-10, -1.284643086352233E-10, 7.642101951255142E-10]
2744,[3.8132021954080664E-13, 7.232006605985969E-14, 1.1946285703289677E-13, 3.2148291190595146E-13, -3.400450019762531E-14, 1.7516799913786657E-13, 2.2437775717824328E-14, -2.5758366793693366E-13, 1.3488998329772017E-13, 2.718135775053171E-13]
4368,[-5.073901021557248E-11, 7.395119516750981E-10, 3.2389271820143506E-10, 3.9525840933585243E-10, -2.3715165942128635E-10, 6.443692246449473E-10, 2.7826310700085344E-10, -2.931258291649641E-10, 1.4264286800347303E-11, -7.716464689444535E-10]
4436,[0.11873331665992737, 0.09555269032716751, 0.1206669732928276, -0.07741323858499527, 0.024230442941188812, -0.002628773683682084, -0.20453926920890808, 0.07328575104475021, -0.11021169275045395, -0.013685975223779678]
4472,[0.23467731475830078, 0.18886172771453857, 0.23849456012248993, -0.15300703048706055, 0.04789547622203827, -0.005196622107177973, -0.40427255630493164, 0.14484803378582, -0.21782967448234558, -0.027052132412791252]
4572,[0.11872710287570953, 0.09554904699325562, 0.12062482535839081, -0.07738826423883438, 0.02424531616270542, -0.002619389910250902, -0.20448043942451477, 0.0732562318444252, -0.11016307771205902, -0.013697110116481781]
4680,[2.2326595867233623E-12, -3.6950070824229297E-13, 3.620223966525199E-13, 1.3229220236637973E-12, 2.5728152789651626E-13, 4.999176528470983E-13, 1.098512760248048E-13, -7.707000727712188E-13, 6.744345750278602E-13, 2.0952627653725298E-12]
4812,[8.264204343641848E-14, -2.6576809329659223E-13, -9.546043697270662E-14, -1.4340205455390387E-13, 1.2992174881504975E-13, -1.8019097227772035E-13, -2.0507308009934735E-14, 1.6535252713497511E-13, -4.479091166839427E-15, 2.525803459614562E-13]
5724,[-9.925050961211851E-14, -1.1450936769977216E-12, -5.787324829434337E-13, -8.428972038572458E-13, 3.5385854402908423E-13, -1.082398710591792E-12, -3.9215966628550203E-13, 5.605999063400258E-13, -1.1810962364383615E-13, 9.892941500722063E-13]
8012,[1.3007433671829993E-12, 9.017820398835724E-14, 2.733184772257813E-13, 7.80508578775152E-13, 7.09447013939532E-15, 5.069682195747716E-13, 2.2405718231276184E-13, -6.041404898050884E-13, 3.4139745609500227E-13, 8.544022694206843E-13]
8672,[0.11872710287570953, 0.09554904699325562, 0.12062482535839081, -0.07738826423883438, 0.02424531616270542, -0.002619389910250902, -0.20448043942451477, 0.0732562318444252, -0.11016307771205902, -0.013697110116481781]
8768,[-8.841145593407873E-9, 2.5412052462314705E-9, -5.634810396060175E-10, -6.470078695031134E-9, 5.816664927493775E-10, 1.9128765238463075E-10, 3.2634355218164046E-9, 6.667380869629369E-9, -3.4237155333016744E-9, -1.268140348287261E-8]
9424,[0.11873733252286911, 0.09555496275424957, 0.12070877104997635, -0.07743893563747406, 0.024215178564190865, -0.0026396627072244883, -0.20459961891174316, 0.0733160749077797, -0.11026104539632797, -0.013674073852598667]
9740,[0.09621171653270721, 0.17284587025642395, -0.273516446352005, -0.009489119052886963, 0.33809059858322144, -0.08265957981348038, -0.1327432543039322, -0.07577056437730789, 0.27290257811546326, -0.14865535497665405]
9788,[5.551333888433874E-4, 4.1124472045339644E-4, 3.256502386648208E-4, 6.322208791971207E-4, -1.0301808652002364E-4, 5.58027415536344E-4, 2.0885652338620275E-4, -4.2151252273470163E-4, 1.9625923596322536E-4, 3.455721162026748E-5]
10028,[4.1970670849877934E-7, -5.652873724670826E-8, 6.354714088274704E-8, 2.3105525315259E-7, 3.898700740023742E-8, 9.741786044514811E-8, 3.41939845327488E-8, -1.515084164793734E-7, 1.1734250193740081E-7, 3.68936042605128E-7]
10748,[0.11872710287570953, 0.09554904699325562, 0.12062482535839081, -0.07738826423883438, 0.02424531616270542, -0.002619389910250902, -0.20448043942451477, 0.0732562318444252, -0.11016307771205902, -0.013697110116481781]
10788,[4.0875374907045625E-7, 1.3616515843750676E-6, 6.254592221921484E-7, 8.076066251305747E-7, -4.604027026289259E-7, 1.2714815511571942E-6, 6.558412906088051E-7, -7.58648525334138E-7, 1.0300138342245191E-7, -1.1340558785377652E-6]
11140,[0.11872710287570953, 0.09554904699325562, 0.12062482535839081, -0.07738826423883438, 0.02424531616270542, -0.002619389910250902, -0.20448043942451477, 0.0732562318444252, -0.11016307771205902, -0.013697110116481781]
11180,[-7.671278723364594E-9, -4.0189458871964234E-8, -2.0054331528740477E-8, -2.9204292317785985E-8, 1.3048116365155238E-8, -3.822883698489932E-8, -1.5047664447820353E-8, 2.1932619276299192E-8, -4.447793688910906E-9, 3.253195757224603E-8]
11300,[-1.1185740701746827E-11, 4.76615691358262E-11, 2.8115277467266608E-11, 5.4651123904125853E-11, -1.9281444496588307E-11, 3.931377445809403E-11, -6.161515308383825E-12, -3.2938950178529325E-11, 1.1497105351088166E-11, -2.9756072605913175E-11]
11336,[7.562547921224905E-9, -2.262066089997461E-8, -9.9188746105483E-9, -1.3891219730055582E-8, 7.873291352211709E-9, -1.8383662592214023E-8, -4.10379463744448E-9, 8.883672464321535E-9, -6.743862690505864E-10, 2.3940083693219094E-8]
11348,[0.09621171653270721, 0.17284587025642395, -0.273516446352005, -0.009489119052886963, 0.33809059858322144, -0.08265957981348038, -0.1327432543039322, -0.07577056437730789, 0.27290257811546326, -0.14865535497665405]
11540,[9.395507483134224E-9, -1.4788118507524928E-9, 1.901530932713058E-9, 5.9880211900065206E-9, 1.2398512216904578E-9, 2.243362162701601E-9, 4.051290691808873E-10, -3.1211710993517272E-9, 3.20749982130053E-9, 9.128445555006692E-9]
11708,[-8.160823362565739E-13, 1.1651957339525038E-13, -1.0420466979533735E-13, -4.2910691818408286E-13, -6.135079288127274E-14, -1.735862430359003E-13, -5.1711503731410174E-14, 3.1588842869592626E-13, -2.2267077233722316E-13, -7.366481556692062E-13]
11732,[0.23466570675373077, 0.18885506689548492, 0.2384120523929596, -0.15295812487602234, 0.0479249432682991, -0.005178083665668964, -0.40415748953819275, 0.1447901576757431, -0.21773432195186615, -0.027074184268712997]
11792,[0.11872710287570953, 0.09554904699325562, 0.12062482535839081, -0.07738826423883438, 0.02424531616270542, -0.002619389910250902, -0.20448043942451477, 0.0732562318444252, -0.11016307771205902, -0.013697110116481781]
11796,[0.3479389250278473, 0.2800103724002838, 0.3537018597126007, -0.22691862285137177, 0.07096986472606659, -0.007737539242953062, -0.5995405316352844, 0.21483439207077026, -0.3230867385864258, -0.04007461294531822]
11856,[-1.0711699360399507E-5, 1.9373014765733387E-6, -1.577595753587957E-6, -5.343862085283035E-6, -1.5798835875102668E-6, -2.2633246317127487E-6, -1.3218581216278835E-6, 2.8081610707886284E-6, -2.910592229454778E-6, -9.319987839262467E-6]
11976,[-1.0364000627305359E-4, -2.3287260773940943E-5, -2.7684156520990655E-5, -6.741620745742694E-5, 5.690868874808075E-6, -5.19031636940781E-5, -2.5011482648551464E-5, 5.571577275986783E-5, -2.675988980627153E-5, -5.149961725692265E-5]
12012,[-9.811581885496579E-13, 9.100475364606786E-13, 2.135321948556687E-13, -8.164320863248906E-14, -3.0005736935921623E-13, 5.062252700360759E-13, 2.5970894814049406E-13, 8.918983851165588E-14, -2.556759328992825E-13, -1.6787559840511501E-12]
12084,[-1.7185038947431508E-9, 9.721329297107673E-11, -2.960718614719582E-10, -8.974374021697429E-10, -1.1223037776897371E-10, -4.885595816794819E-10, -2.576681090715738E-10, 6.451827405662414E-10, -4.5474116139310183E-10, -1.305343833024608E-9]
12204,[-1.071170117938891E-5, 1.9373012491996633E-6, -1.5775958672747947E-6, -5.343862540030386E-6, -1.57988392857078E-6, -2.263324859086424E-6, -1.3218580079410458E-6, 2.808161298162304E-6, -2.9105924568284536E-6, -9.319988748757169E-6]
12228,[0.04866984114050865, 0.08743754774332047, -0.1383669674396515, -0.0047994027845561504, 0.17103178799152374, -0.04181550815701485, -0.06714926660060883, -0.03833144158124924, 0.13805632293224335, -0.07520110160112381]
12272,[-1.1584880190568247E-12, -7.956566178482505E-13, -6.706044140131207E-13, -1.4035026396283512E-12, 1.7369277945187417E-13, -1.182292978796351E-12, -3.589189492489431E-13, 8.578293782778024E-13, -4.3435320986641435E-13, -1.982361215284445E-13]
12304,[9.723678025957971E-13, 2.270688113448563E-13, 3.8578965326149794E-13, 9.55737659152911E-13, -3.665418612212737E-15, 5.933532202899439E-13, 1.1742485510422146E-13, -5.399153888731301E-13, 3.685519229211509E-13, 6.2310042108632E-13]
12376,[0.45857980847358704, 0.369056761264801, 0.46602359414100647, -0.2989881634712219, 0.09360628575086594, -0.010159291326999664, -0.7899855971336365, 0.28304097056388855, -0.42564353346824646, -0.05286810174584389]
12388,[5.231757677393034E-5, -5.846941348863766E-6, 1.1623716090980452E-5, 3.7123318179510534E-5, 6.160946213640273E-6, 1.5355182767962106E-5, 2.311431444468326E-6, -1.8996272046933882E-5, 1.7456461137044244E-5, 4.8184632760239765E-5]
12396,[1.0255855409715964E-12, -9.412388403406968E-13, -1.6446921407252402E-13, 1.5832605680058537E-13, 3.8862467931222167E-13, -4.457999724580275E-13, -2.1578298501322146E-13, 1.9301180526889658E-14, 2.84321638498522E-13, 1.7015468894987507E-12]
12472,[-0.007594788447022438, 1.7390459834132344E-4, -0.0020097573287785053, -0.005827808752655983, -7.670834893360734E-4, -0.0030056776013225317, -6.664738175459206E-4, 0.0028951566200703382, -0.002542092464864254, -0.00621975539252162]
12476,[7.305766339413822E-4, -2.704213547986001E-4, -9.416827379027382E-5, 2.9618417102028616E-5, 4.8418514779768884E-5, -8.064354187808931E-5, 6.374638178385794E-5, -2.278685715282336E-4, 9.1479581897147E-5, 7.10505701135844E-4]
12480,[-2.782416856916825E-7, 2.2183836279054958E-7, 4.496827088473765E-8, -4.0858090244455525E-8, -7.006298829992375E-8, 1.1520940290665749E-7, 6.416628650640632E-8, 4.701376354887543E-8, -7.739578222754062E-8, -4.496305905377085E-7]
12492,[1.6621916074655019E-6, -3.743099057373911E-7, 1.961563071972705E-7, 8.878292305780633E-7, 2.1719851872603613E-7, 2.793693454350432E-7, 5.939682523603551E-8, -5.292723130878585E-7, 4.6896161620679777E-7, 1.6328705214618822E-6]
12548,[-3.3817181910658634E-13, 1.3304337015754286E-13, -3.378762249367853E-14, -1.757059395982724E-13, -8.28204421276374E-14, -2.0416790681059352E-14, 7.694240299181579E-16, 5.429143056347521E-14, -1.0287707101139243E-13, -3.842903913923307E-13]
12580,[0.11885916441679001, 0.09565161913633347, 0.12091745436191559, -0.07757306098937988, 0.024206051602959633, -0.002669456647709012, -0.20493657886981964, 0.0734560415148735, -0.11047804355621338, -0.013660159893333912]
12660,[-4.5075885246603775E-9, -3.0503473080756294E-9, -2.8165996202034194E-9, -5.887930143444464E-9, 5.763459709484664E-10, -4.61850158117727E-9, -1.2234335766692084E-9, 3.317614627462717E-9, -1.897938473049976E-9, -1.051870590629278E-9]
12672,[3.188724241251495E-13, -3.14550685845405E-13, -7.680928647019886E-14, 5.027007388374964E-14, 1.135501537089835E-13, -1.5378118971374338E-13, -9.782857168664019E-14, -1.2909465671743971E-14, 7.841629770652045E-14, 5.617397280839598E-13]
12824,[0.11872710287570953, 0.09554904699325562, 0.12062482535839081, -0.07738826423883438, 0.02424531616270542, -0.002619389910250902, -0.20448043942451477, 0.0732562318444252, -0.11016307771205902, -0.013697110116481781]
12884,[0.11872710287570953, 0.09554904699325562, 0.12062482535839081, -0.07738826423883438, 0.02424531616270542, -0.002619389910250902, -0.20448043942451477, 0.0732562318444252, -0.11016307771205902, -0.013697110116481781]
12980,[0.23466570675373077, 0.18885506689548492, 0.2384120523929596, -0.15295812487602234, 0.0479249432682991, -0.005178083665668964, -0.40415748953819275, 0.1447901576757431, -0.21773432195186615, -0.027074184268712997]
13092,[1.0020101068319853E-12, -4.3596965366163656E-14, 2.1739944913723441E-13, 6.16191071691613E-13, 9.168877544143625E-14, 3.2771243943345574E-13, 1.4585697287548133E-13, -3.5329690019868243E-13, 2.8981155040901097E-13, 7.611177855505746E-13]
13196,[2.0667918765315818E-11, -1.430435214722081E-10, -7.001715179866252E-11, -1.0127321203867723E-10, 3.844535106933833E-11, -1.33274405400563E-10, -4.433322459140854E-11, 4.745341619649679E-11, -6.6640156934361094E-12, 1.4844026008375977E-10]
13208,[1.5735069497369025E-12, 5.572895660568844E-13, 5.792201028705091E-13, 1.2510817035127353E-12, -1.0433244979762835E-13, 1.036547367036511E-12, 4.5016814169580865E-13, -8.887740803736888E-13, 4.628467205856912E-13, 5.932791692815631E-13]
13312,[8.464893282850161E-13, 3.9001587332984644E-13, 3.575547789704675E-13, 7.740126898789224E-13, -1.1208647399986449E-13, 6.173417354572719E-13, 2.181559105455047E-13, -5.80778209812588E-13, 2.7564981005222255E-13, 2.9446581349505674E-13]
13372,[1.0145076885237359E-6, -6.81006113723015E-8, 2.2374459263119206E-7, 6.598453978767793E-7, 8.069502399621342E-8, 3.0289149322015874E-7, 8.39413303310721E-8, -4.040580847686215E-7, 3.241093224914948E-7, 8.59011493048456E-7]
13472,[-1.7352979947080072E-12, -8.366996331887755E-13, -7.759800831411146E-13, -1.6705281906045921E-12, 1.855882797701519E-13, -1.3728545210367482E-12, -4.870842769920392E-13, 1.1275496595436474E-12, -5.712089330180137E-13, -5.460731693218701E-13]
13504,[-2.7711555594578385E-4, 3.288279185653664E-5, -5.480265826918185E-5, -2.004521811613813E-4, -2.1716918126912788E-5, -7.497688056901097E-5, 5.8527652981865685E-6, 1.2182229693280533E-4, -9.495337144471705E-5, -2.75527621852234E-4]
13528,[-3.54219700966496E-5, 4.4916439946973696E-5, -8.415206593781477E-7, -3.643644231487997E-5, -2.079513797070831E-5, 1.8003744116867892E-5, 2.9923778129159473E-5, 5.586696261161705E-7, -2.2335218091029674E-5, -9.225175017490983E-5]
13692,[3.6960237648209215E-10, -1.0458525712131461E-10, 4.2119051302247357E-11, 1.7300501309325256E-10, 6.842622302105639E-11, 4.687331772723624E-11, 2.7810394612193257E-11, -8.086326053202697E-11, 1.0286710372398034E-10, 3.626671463141662E-10]
13728,[0.3479129672050476, 0.27999618649482727, 0.35346052050590515, -0.22677293419837952, 0.07105857133865356, -0.007678193040192127, -0.5991985201835632, 0.21466179192066193, -0.3228040039539337, -0.04014236479997635]
13732,[4.480082971269894E-10, -2.5595317532101092E-11, 8.651564187278638E-11, 2.6457319668438117E-10, 2.7831556503876698E-11, 1.2501154278421467E-10, 4.8293254811815345E-11, -1.799527887813568E-10, 1.3084534844498563E-10, 3.6437297623592713E-10]
13804,[-5.421231796809423E-10, 2.941478449702828E-10, -2.2165791771500132E-11, -2.029599127650883E-10, -1.7080735437158268E-10, 3.2340040367895284E-11, 7.580277009387737E-13, 2.334620170796331E-11, -1.573459973425173E-10, -6.624426562851227E-10]
13808,[-3.1310861564083636E-13, 9.656071515290465E-13, 3.9913000205241134E-13, 4.415918856710138E-13, -3.23312611492238E-13, 7.616716502303889E-13, 2.842479669609016E-13, -3.093301981747787E-13, -1.816784536126572E-14, -1.1386158942777724E-12]
13824,[0.11873733252286911, 0.09555496275424957, 0.12070877104997635, -0.07743893563747406, 0.024215178564190865, -0.0026396634057164192, -0.20459961891174316, 0.0733160749077797, -0.11026104539632797, -0.013674073852598667]
13836,[-6.962915660713165E-11, 1.3570794661632579E-11, -1.5464452635116643E-11, -5.4353251066618924E-11, -1.4847342105772654E-11, -2.4123040370804816E-11, -1.272670011910615E-12, 1.7242081026824785E-11, -2.406754136263789E-11, -6.920225503748156E-11]
13880,[2.3571021436769035E-13, -1.6687791827649928E-13, -1.8694833685663562E-14, 9.467336718185435E-14, 4.3028077709996934E-14, -7.369253048495478E-14, -8.590494987451361E-14, -8.353397590614084E-14, 8.612719776734598E-14, 4.036089767522205E-13]
13920,[0.3479129672050476, 0.27999618649482727, 0.35346052050590515, -0.22677293419837952, 0.07105857133865356, -0.007678193040192127, -0.5991985201835632, 0.21466179192066193, -0.3228040039539337, -0.04014236479997635]
13964,[0.3479129672050476, 0.27999618649482727, 0.35346052050590515, -0.22677293419837952, 0.07105857133865356, -0.007678193040192127, -0.5991985201835632, 0.21466179192066193, -0.3228040039539337, -0.04014236479997635]
14016,[0.11872710287570953, 0.09554904699325562, 0.12062482535839081, -0.07738826423883438, 0.02424531616270542, -0.002619389910250902, -0.20448043942451477, 0.0732562318444252, -0.11016307771205902, -0.013697110116481781]
14088,[0.11872710287570953, 0.09554904699325562, 0.12062482535839081, -0.07738826423883438, 0.02424531616270542, -0.002619389910250902, -0.20448043942451477, 0.0732562318444252, -0.11016307771205902, -0.013697110116481781]
14132,[2.1128825685584607E-12, 3.991379438333248E-13, 6.65486708708446E-13, 1.6406474703106744E-12, -3.504583233858438E-14, 1.092384429440818E-12, 3.697883470786534E-13, -1.108261160794044E-12, 6.705074863389004E-13, 1.264740590901925E-12]
14140,[1.0583540337519293E-12, -1.6617435238171913E-13, 1.1800535049989735E-13, 4.676815575435644E-13, 8.163263766130732E-14, 1.8127966033669451E-13, 1.0613034837894317E-13, -3.8148146750890954E-13, 2.70460303458675E-13, 9.216289840671688E-13]
14248,[0.11872710287570953, 0.09554904699325562, 0.12062482535839081, -0.07738826423883438, 0.02424531616270542, -0.002619389910250902, -0.20448043942451477, 0.0732562318444252, -0.11016307771205902, -0.013697110116481781]
14328,[1.7078494174427306E-10, -1.7537028773606522E-10, -3.6266243480520544E-11, 2.8110064623221298E-11, 6.241540617679675E-11, -9.463884537153078E-11, -6.077993663922143E-11, -8.335567479311745E-12, 5.267955516252698E-11, 3.2212871259318376E-10]
14444,[1.7373787955174413E-12, -3.028501504887286E-15, 4.0365885005215485E-13, 1.1643833683697147E-12, 1.2412457400887839E-13, 6.539341008797439E-13, 2.2862535974631226E-13, -6.848226955132042E-13, 5.188842519716907E-13, 1.3096521480140955E-12]
14452,[-1.5917662153641654E-12, -5.346847097020824E-13, -6.330462412953985E-13, -1.3638600882340257E-12, 5.087244983451901E-14, -1.0669051362863224E-12, -4.333278798718948E-13, 8.43037987509343E-13, -5.08629705193997E-13, -6.528408998292268E-13]
14500,[2.685432239535497E-14, 4.5153838350645015E-13, 2.3635536887042785E-13, 3.307489373528816E-13, -1.0592700626149351E-13, 4.53551855360973E-13, 1.9137519531326613E-13, -1.548631963768296E-13, 3.318577170333646E-14, -4.4273040637234085E-13]
14524,[0.11872710287570953, 0.09554904699325562, 0.12062482535839081, -0.07738826423883438, 0.02424531616270542, -0.002619389910250902, -0.20448043942451477, 0.0732562318444252, -0.11016307771205902, -0.013697110116481781]
14600,[-5.0733597417541507E-14, -3.2914307130510467E-13, -1.5606344883935253E-13, -1.3149142961531995E-13, 6.971835354039127E-14, -3.1720215646832695E-13, -2.2214050260718765E-13, 7.461170353426083E-14, 6.455453025635389E-16, 3.801441583392573E-13]
14668,[-1.0711698450904805E-5, 1.9373014765733387E-6, -1.5775950714669307E-6, -5.343862085283035E-6, -1.5798835875102668E-6, -2.2633244043390732E-6, -1.3218588037489098E-6, 2.808160843414953E-6, -2.9105924568284536E-6, -9.319986929767765E-6]
15068,[1.578833597193352E-8, -1.857651366066193E-9, 3.266822146130721E-9, 1.0956210161339186E-8, 2.2275739031130115E-9, 5.215123888291373E-9, 1.1320572257389472E-9, -4.995977409549823E-9, 4.922045881983195E-9, 1.4006435122837502E-8]
15280,[0.23466570675373077, 0.18885506689548492, 0.2384120523929596, -0.15295812487602234, 0.0479249432682991, -0.005178083665668964, -0.40415748953819275, 0.1447901576757431, -0.21773432195186615, -0.027074184268712997]
15300,[0.23466570675373077, 0.18885506689548492, 0.2384120523929596, -0.15295812487602234, 0.0479249432682991, -0.005178083665668964, -0.40415748953819275, 0.1447901576757431, -0.21773432195186615, -0.027074184268712997]
15320,[2.0939421529163338E-13, 2.7892935899366533E-13, 1.4494094401247548E-13, 2.1940481658051791E-13, -7.788196221833812E-14, 3.1846698672274854E-13, 1.7697452390271623E-13, -1.81459976710506E-13, 3.96792279209416E-14, -1.717441970973746E-13]
15412,[0.11872710287570953, 0.09554904699325562, 0.12062482535839081, -0.07738826423883438, 0.02424531616270542, -0.002619389910250902, -0.20448043942451477, 0.0732562318444252, -0.11016307771205902, -0.013697110116481781]
15428,[0.11872710287570953, 0.09554904699325562, 0.12062482535839081, -0.07738826423883438, 0.02424531616270542, -0.002619389910250902, -0.20448043942451477, 0.0732562318444252, -0.11016307771205902, -0.013697110116481781]
15444,[-1.3745501048142983E-12, 4.4036286119333856E-13, -1.2697460270716387E-13, -7.053037082323244E-13, -2.0074424707163668E-13, -9.202956728930275E-14, 5.220383993793584E-14, 4.345197162150538E-13, -4.229877624377376E-13, -1.5454785888546763E-12]
15484,[0.11873331665992737, 0.09555269032716751, 0.1206669732928276, -0.07741323858499527, 0.024230442941188812, -0.002628773683682084, -0.20453926920890808, 0.07328574359416962, -0.11021169275045395, -0.013685975223779678]
15488,[1.1935193501913521E-12, -4.058362532751575E-13, 5.6533940126935606E-14, 5.236953449019865E-13, 1.3775025770653565E-13, 1.6464755177737073E-14, -6.405782208927097E-14, -4.219200943483825E-13, 3.434955228240333E-13, 1.3673944788961112E-12]
15504,[4.3437280439206916E-9, -1.2728247344995225E-9, 2.8061478141161444E-10, 1.931813375932734E-9, 4.834586064816904E-10, 2.771014251390369E-10, -4.555401195149855E-11, -1.5104726358572407E-9, 1.203071864352978E-9, 4.6445940427020105E-9]
15552,[-1.9827592530070187E-13, -1.1428955655132245E-12, -5.389625920039498E-13, -7.669863008596955E-13, 3.805115673504583E-13, -1.0714683263898794E-12, -4.4302159597081614E-13, 6.128096077459566E-13, -9.677760031074137E-14, 9.625750717334736E-13]
15584,[-1.0711698450904805E-5, 1.937301703947014E-6, -1.5775954125274438E-6, -5.3438616305356845E-6, -1.579883473823429E-6, -2.2633244043390732E-6, -1.321858349001559E-6, 2.8081606160412775E-6, -2.9105920020811027E-6, -9.319987839262467E-6]
15644,[0.11991774290800095, 0.09617708623409271, 0.12188603729009628, -0.07778873294591904, 0.024242864921689034, -0.00254630483686924, -0.2062399834394455, 0.073797807097435, -0.1111907958984375, -0.013353646732866764]
15652,[0.11897266656160355, 0.09574200958013535, 0.1211242526769638, -0.07771121710538864, 0.02419584058225155, -0.002706349827349186, -0.2052796185016632, 0.07359977066516876, -0.11069800704717636, -0.013642607256770134]
15664,[-7.785871794019957E-15, -2.047987566209178E-13, -8.693206880261775E-14, -1.2052275952419145E-13, 7.17569382277343E-14, -1.8621484020563128E-13, -7.166875193352976E-14, 1.0304071777680196E-13, -8.182954063429195E-15, 1.8971879189172425E-13]
15728,[-2.551019673280308E-10, 1.4767210024246857E-11, -6.30146976265955E-11, -1.685919598370944E-10, -6.231797716749199E-11, -1.25315091636935E-10, -7.134272339559544E-11, 2.487859224187261E-11, -6.365604571234584E-11, -1.5745882375739484E-10]
15828,[-1.7960128826863264E-13, 4.668501371075939E-13, 2.1213121591343725E-13, 2.690011299648354E-13, -1.424345125351778E-13, 3.8105312633561483E-13, 1.108503954318045E-13, -1.3335606761661484E-13, 4.265344096665699E-15, -5.436359912583399E-13]
15928,[0.11872710287570953, 0.09554904699325562, 0.12062482535839081, -0.07738826423883438, 0.02424531616270542, -0.002619389910250902, -0.20448043942451477, 0.0732562318444252, -0.11016307771205902, -0.013697110116481781]
15936,[0.11872710287570953, 0.09554904699325562, 0.12062482535839081, -0.07738826423883438, 0.02424531616270542, -0.002619389910250902, -0.20448043942451477, 0.0732562318444252, -0.11016307771205902, -0.013697110116481781]
16160,[0.11872710287570953, 0.09554904699325562, 0.12062482535839081, -0.07738826423883438, 0.02424531616270542, -0.002619389910250902, -0.20448043942451477, 0.0732562318444252, -0.11016307771205902, -0.013697110116481781]
16192,[7.122367584599942E-9, -2.0925612354005807E-9, 4.58520638124682E-10, 3.1607987338588828E-9, 7.922164035889523E-10, 4.4531550669191233E-10, -7.598947859843719E-11, -2.4747750515530242E-9, 1.973844199198993E-9, 7.618958797195319E-9]
16512,[0.23466570675373077, 0.18885506689548492, 0.2384120523929596, -0.15295812487602234, 0.0479249432682991, -0.005178083665668964, -0.40415748953819275, 0.1447901576757431, -0.21773432195186615, -0.027074184268712997]
16580,[6.204688997833718E-13, -8.808774564807165E-13, -2.4906796460347214E-13, -1.0004939720665088E-13, 3.411951710746708E-13, -5.41488349384972E-13, -2.3271643401386044E-13, 1.6381226887116074E-13, 1.4604126013974955E-13, 1.316326821848568E-12]
16716,[0.23467731475830078, 0.18886172771453857, 0.23849456012248993, -0.15300703048706055, 0.04789547622203827, -0.005196622107177973, -0.40427255630493164, 0.14484803378582, -0.21782967448234558, -0.027052132412791252]
16908,[0.3479129672050476, 0.27999618649482727, 0.35346052050590515, -0.22677293419837952, 0.07105857133865356, -0.007678193040192127, -0.5991985201835632, 0.21466179192066193, -0.3228040039539337, -0.04014236479997635]
16940,[9.198945858518437E-13, -9.278002628329562E-13, -2.149559284909952E-13, 1.0664830902618917E-14, 3.6997946481660826E-13, -4.947282817788223E-13, -1.8248944022580815E-13, 7.36246255476393E-14, 2.170900042846799E-13, 1.5556747513453817E-12]
17208,[0.23466570675373077, 0.18885506689548492, 0.2384120523929596, -0.15295812487602234, 0.0479249432682991, -0.005178083665668964, -0.40415748953819275, 0.1447901576757431, -0.21773432195186615, -0.027074184268712997]
17212,[1.5711331975004628E-12, 4.397323434199296E-14, 3.960985998831962E-13, 1.029837998732519E-12, 1.28098283391255E-13, 6.426419726229815E-13, 2.896740735735398E-13, -5.691265059053208E-13, 4.589455985387625E-13, 1.0714387276705706E-12]
17340,[8.312620707329188E-7, -1.871870551894972E-7, 9.809534873284065E-8, 4.440090606294689E-7, 1.0862285648727266E-7, 1.3972012880003604E-7, 2.9713497440297942E-8, -2.6469027147868474E-7, 2.345244780599387E-7, 8.165928875314421E-7]
17416,[0.16723306477069855, 0.18281176686286926, -0.017741769552230835, -0.08210468292236328, 0.19510044157505035, -0.04439500346779823, -0.2713620662689209, 0.03488438203930855, 0.027882536873221397, -0.08881745487451553]
17516,[-2.3204304959705685E-14, 6.426727639646801E-13, 3.047783921940328E-13, 4.3381525585348135E-13, -2.3614183525255683E-13, 5.488462332184363E-13, 1.6267800366336072E-13, -3.4722032649266155E-13, 6.18747810149714E-14, -5.592828175408904E-13]
17536,[2.550123317632824E-4, 2.015840436797589E-4, 3.357888199388981E-4, -2.0965842122677714E-4, 1.6150797819136642E-5, -2.380015212111175E-5, -5.379401263780892E-4, 2.1111145906616002E-4, -3.2753380946815014E-4, -3.955496140406467E-6]
17588,[0.23467731475830078, 0.18886172771453857, 0.23849456012248993, -0.15300703048706055, 0.04789547622203827, -0.005196622107177973, -0.40427255630493164, 0.14484803378582, -0.21782967448234558, -0.027052132412791252]
17688,[-5.208277927860883E-13, 1.2581836885284386E-13, -7.887179136797234E-14, -2.7897985570984885E-13, -9.188044883300453E-14, -8.911523184966172E-14, -4.007151598386938E-14, 1.254208596788292E-13, -1.5275995258242497E-13, -4.939922169239219E-13]
17732,[-1.9689100610315036E-12, 1.0855265254391955E-13, -4.1517741393264085E-13, -1.3019933438676579E-12, -1.483213237559594E-13, -6.284883095723781E-13, -1.634307381266631E-13, 7.921624510867642E-13, -6.074924634516532E-13, -1.6513912633187022E-12]
17804,[1.1033301008933627E-12, 6.062516482753522E-13, 5.305079292527992E-13, 1.082924331805013E-12, -1.3540161830291608E-13, 9.331418016761406E-13, 3.635478420041527E-13, -7.288074223982255E-13, 3.578826146023728E-13, 2.384219937364568E-13]
17824,[-1.1166473561780021E-12, 1.976478198771267E-13, -1.2583678673724896E-13, -4.2249274283083504E-13, -1.425828042873195E-13, -2.006849818703832E-13, -1.9439906227738252E-13, 2.870063399180306E-13, -2.630614909931994E-13, -8.981866357442303E-13]
17884,[1.6434234615531063E-12, -7.083424152136766E-14, 3.709047229506074E-13, 1.1154667684323827E-12, 1.343267267165868E-13, 5.569525960216759E-13, 1.5446274630442208E-13, -6.456295459193739E-13, 5.141717130188739E-13, 1.3494915905229443E-12]
18060,[0.11872710287570953, 0.09554904699325562, 0.12062482535839081, -0.07738826423883438, 0.02424531616270542, -0.002619389910250902, -0.20448043942451477, 0.0732562318444252, -0.11016307771205902, -0.013697110116481781]
18076,[0.16723306477069855, 0.18281176686286926, -0.017741769552230835, -0.08210468292236328, 0.19510044157505035, -0.04439500346779823, -0.2713620662689209, 0.03488438203930855, 0.027882536873221397, -0.08881745487451553]
18080,[-3.859015578200342E-7, 3.164829252000345E-7, 7.621330411211602E-8, -4.407340270518034E-9, -1.1789524023697595E-7, 1.5826564947474253E-7, 4.0905121068135486E-8, 1.2268336568865834E-8, -7.904812804326866E-8, -5.666613560606493E-7]
18144,[1.774062496906481E-7, -3.0339268874968184E-8, 1.2291407891495965E-8, 7.439464866365597E-8, 8.65124238913495E-9, 2.621881378672697E-8, 1.1690567625066706E-8, -7.233752086222012E-8, 4.1643506420996346E-8, 1.5948016596212256E-7]
18180,[4.022323307761866E-10, -2.5438665063326482E-11, 8.451832983480401E-11, 2.6384058826600665E-10, 3.73350898807967E-11, 1.3105264096147096E-10, 3.950342830627562E-11, -1.496710116954958E-10, 1.213694006407806E-10, 3.32085997589715E-10]
18204,[0.11872710287570953, 0.09554904699325562, 0.12062482535839081, -0.07738826423883438, 0.02424531616270542, -0.002619389910250902, -0.20448043942451477, 0.0732562318444252, -0.11016307771205902, -0.013697110116481781]
18304,[0.11872710287570953, 0.09554904699325562, 0.12062482535839081, -0.07738826423883438, 0.02424531616270542, -0.002619389910250902, -0.20448043942451477, 0.0732562318444252, -0.11016307771205902, -0.013697110116481781]
18464,[0.11872710287570953, 0.09554904699325562, 0.12062482535839081, -0.07738826423883438, 0.02424531616270542, -0.002619389910250902, -0.20448043942451477, 0.0732562318444252, -0.11016307771205902, -0.013697110116481781]
18584,[-1.4426357886065944E-9, 1.4405979742448949E-9, 3.2898669899417143E-10, 7.219565223426372E-11, -6.087168546997646E-10, 7.408073599002307E-10, 1.8295007175872513E-10, -1.9331022893531724E-10, -3.09167802470256E-10, -2.3032162843605875E-9]
18596,[0.23466570675373077, 0.18885506689548492, 0.2384120523929596, -0.15295812487602234, 0.0479249432682991, -0.005178083665668964, -0.40415748953819275, 0.1447901576757431, -0.21773432195186615, -0.027074184268712997]
18888,[0.16723306477069855, 0.18281176686286926, -0.017741769552230835, -0.08210468292236328, 0.19510044157505035, -0.04439500346779823, -0.2713620662689209, 0.03488438203930855, 0.027882536873221397, -0.08881745487451553]
18936,[0.3479129672050476, 0.27999618649482727, 0.35346052050590515, -0.22677293419837952, 0.07105857133865356, -0.007678193040192127, -0.5991985201835632, 0.21466179192066193, -0.3228040039539337, -0.04014236479997635]
19188,[2.1741027034227756E-10, 1.7916550187901947E-10, 1.4206831544516518E-10, 2.8760013814910224E-10, -6.153096782091083E-11, 2.2499832552647092E-10, 5.317039863950157E-11, -2.113081237764547E-10, 9.54307743938898E-11, 3.671232415292103E-11]
19244,[0.23467731475830078, 0.18886172771453857, 0.23849456012248993, -0.15300703048706055, 0.04789547622203827, -0.005196622107177973, -0.40427255630493164, 0.14484803378582, -0.21782967448234558, -0.027052132412791252]
19340,[0.11872710287570953, 0.09554904699325562, 0.12062482535839081, -0.07738826423883438, 0.02424531616270542, -0.002619389910250902, -0.20448043942451477, 0.0732562318444252, -0.11016307771205902, -0.013697110116481781]
19452,[-1.4361487998826306E-8, 1.7356590831241192E-8, 4.61429694453841E-9, 2.468301341096435E-9, -6.549933484478743E-9, 1.0716663112475544E-8, 3.57045815135848E-9, -2.3632020784702945E-9, -3.3128295662265828E-9, -2.6771092009880704E-8]
19692,[0.23244930803775787, 0.4175787568092346, -0.6607434153556824, -0.022937031462788582, 0.8167669773101807, -0.1996902972459793, -0.3207171857357025, -0.1830345243215561, 0.6592621207237244, -0.3591253459453583]
19892,[1.308120387184808E-12, -5.579503872810143E-13, 4.777686967295629E-14, 5.277408826782903E-13, 2.4617206060076335E-13, -3.8290632600399E-14, -5.3407812569163104E-14, -3.1424908790607387E-13, 3.747651332059593E-13, 1.551345098389778E-12]
19992,[7.081465947487986E-13, -3.8700320075316097E-13, 1.9752967572164368E-14, 3.969200185541255E-13, 1.6868574408395592E-13, -5.1047457005817115E-14, -1.4251921582990323E-13, -1.6961899820897713E-13, 2.38971602922744E-13, 1.0106980356805462E-12]
20044,[1.1811733232128252E-12, 1.3662907068744123E-13, 3.610074207887476E-13, 9.524142542335912E-13, 5.150728747595895E-14, 5.971871760122871E-13, 1.751779873503806E-13, -5.318274032967141E-13, 3.8250733960451533E-13, 7.918041764788664E-13]
20084,[0.11872710287570953, 0.09554904699325562, 0.12062482535839081, -0.07738826423883438, 0.02424531616270542, -0.002619389910250902, -0.20448043942451477, 0.0732562318444252, -0.11016307771205902, -0.013697110116481781]
20192,[0.11872710287570953, 0.09554904699325562, 0.12062482535839081, -0.07738826423883438, 0.02424531616270542, -0.002619389910250902, -0.20448043942451477, 0.0732562318444252, -0.11016307771205902, -0.013697110116481781]
20284,[0.11873331665992737, 0.09555269032716751, 0.1206669732928276, -0.07741323858499527, 0.024230442941188812, -0.002628773683682084, -0.20453926920890808, 0.07328574359416962, -0.11021169275045395, -0.013685975223779678]
20352,[4.74723559074075E-13, -1.1243341327404899E-12, -4.297491995510633E-13, -4.2547755141168764E-13, 3.8237558193550403E-13, -8.459535697814824E-13, -3.275227853684337E-13, 3.0672448088353566E-13, 6.568886195624027E-14, 1.42289337864282E-12]
20488,[-1.3809056166342454E-14, 1.1099246521872885E-12, 4.847373045492598E-13, 6.3020628212479E-13, -3.7619988504586366E-13, 9.76834498706003E-13, 4.007393104420859E-13, -5.072347164687685E-13, 3.634604824141047E-14, -1.0926192676313784E-12]
20492,[7.517781969862414E-13, -1.1584786949181414E-13, 1.6781769116708256E-13, 6.162032147559449E-13, 1.0019931526205131E-13, 2.279900985883987E-13, -3.788365698616583E-14, -2.88906539750583E-13, 2.761824785795647E-13, 7.893992534299676E-13]
20556,[0.11872710287570953, 0.09554904699325562, 0.12062482535839081, -0.07738826423883438, 0.02424531616270542, -0.002619389910250902, -0.20448043942451477, 0.0732562318444252, -0.11016307771205902, -0.013697110116481781]
20620,[-3.1878921724626252E-9, 3.661171987801026E-8, 1.7962635823209894E-8, 2.404293297786353E-8, -1.026132334658314E-8, 3.357884281740553E-8, 1.2758524015055173E-8, -1.3101469242826624E-8, 1.9897890002340546E-9, -3.750190913365259E-8]
20640,[-1.3109046183637507E-12, -7.32320454277513E-13, -5.959190389412394E-13, -1.1812455310775127E-12, 1.7767119156117395E-13, -1.09040662783777E-12, -4.811430659272531E-13, 8.576042436966858E-13, -3.9013665345186133E-13, -2.265424582951689E-13]
20680,[0.11872710287570953, 0.09554904699325562, 0.12062482535839081, -0.07738826423883438, 0.02424531616270542, -0.002619389910250902, -0.20448043942451477, 0.0732562318444252, -0.11016307771205902, -0.013697110116481781]
20712,[2.4322017923988914E-12, 2.92229700724414E-13, 6.880950887203086E-13, 1.834353849372583E-12, 2.04537331760209E-14, 1.1389684768242647E-12, 3.470034047430015E-13, -1.2032343437579085E-12, 7.610505650158805E-13, 1.627448501483053E-12]
20716,[-1.1420685360960525E-12, 2.134223109654873E-13, -1.7411320594930974E-13, -6.524941719744659E-13, -1.3598279132494978E-13, -2.220432496723157E-13, -4.719866465436977E-14, 3.8665921050888563E-13, -3.4703273241176724E-13, -1.1021761845211864E-12]
20732,[-1.6668045795583536E-13, -4.092165788085328E-13, -2.759364188965191E-13, -4.618165658915041E-13, 6.986794633513996E-14, -4.87236661607382E-13, -1.7013843946981494E-13, 1.9135360613750652E-13, -1.0054537904298153E-13, 2.5840882710535806E-13]
20748,[4.4559947398603583E-10, -7.735694862454068E-10, -2.812453048228747E-10, -2.463168558008988E-10, 2.6034452371703765E-10, -5.540580216845115E-10, -2.0299049940941671E-10, 1.555960082999519E-10, 7.057811973743E-11, 1.0589483734335658E-9]
20812,[-2.987872807242581E-13, 1.17225090853941E-13, -4.4855483531062307E-14, -1.2270936491313306E-13, -9.123051028818094E-14, -2.2368766249545625E-14, -3.924367002693628E-14, 8.5292219792997E-15, -9.21201591570775E-14, -2.9951475327694155E-13]
20832,[-1.2994147979839E-9, -5.145241455117855E-10, -4.936831499158245E-10, -1.0318278453880225E-9, 9.944028933617233E-11, -8.997124156806535E-10, -4.1792533322926317E-10, 7.373203159133368E-10, -3.6838837536024016E-10, -4.049375834647151E-10]
20868,[0.11872710287570953, 0.09554904699325562, 0.12062482535839081, -0.07738826423883438, 0.02424531616270542, -0.002619389910250902, -0.20448043942451477, 0.0732562318444252, -0.11016307771205902, -0.013697110116481781]
20992,[0.055950894951820374, -0.1419956386089325, 0.030469143763184547, -0.05247396230697632, 0.21185922622680664, 0.011330053210258484, 0.15587209165096283, 0.33434703946113586, -0.009235777892172337, -0.03200392425060272]
21044,[0.11872710287570953, 0.09554904699325562, 0.12062482535839081, -0.07738826423883438, 0.02424531616270542, -0.002619389910250902, -0.20448043942451477, 0.0732562318444252, -0.11016307771205902, -0.013697110116481781]
21164,[0.11872710287570953, 0.09554904699325562, 0.12062482535839081, -0.07738826423883438, 0.02424531616270542, -0.002619389910250902, -0.20448043942451477, 0.0732562318444252, -0.11016307771205902, -0.013697110116481781]
21292,[-2.3560092765606555E-10, 6.35724584086006E-10, 2.1849494435954853E-10, 1.957694562015888E-10, -2.3009487370995174E-10, 4.764569294657406E-10, 2.0737853101415737E-10, -1.9393180117344144E-10, -5.402353217554001E-11, -8.06439193201669E-10]
21312,[0.16723306477069855, 0.18281176686286926, -0.017741769552230835, -0.08210468292236328, 0.19510044157505035, -0.04439500346779823, -0.2713620662689209, 0.03488438203930855, 0.027882536873221397, -0.08881745487451553]
21404,[0.04917121306061745, 0.08835121989250183, -0.139847069978714, -0.004839163739234209, 0.17283906042575836, -0.042256128042936325, -0.06783105432987213, -0.038747359067201614, 0.1395326554775238, -0.07599574327468872]
